150 5588 
1 83 6
1 105 4
1 89 1
1 44 2
1 128 8
1 13 8
1 31 7
1 82 7
1 54 9
1 12 6
1 129 1
1 25 10
1 65 7
1 86 10
1 47 3
1 38 4
1 67 8
1 132 9
1 87 3
1 55 5
1 27 10
1 106 3
1 112 5
1 138 8
1 72 3
1 85 6
1 134 7
1 28 4
1 148 5
1 24 1
1 22 6
1 59 4
1 68 1
1 71 4
1 124 4
1 107 2
1 104 3
1 8 6
1 30 1
1 111 7
1 26 10
1 69 1
1 3 8
1 95 6
1 118 1
1 137 8
1 60 7
1 120 2
1 103 5
1 126 9
1 9 3
1 64 8
1 75 10
1 121 3
1 70 9
1 40 10
1 66 7
1 33 1
1 11 7
1 113 1
1 136 4
1 93 5
1 46 9
1 96 2
1 32 3
1 150 9
1 5 8
1 7 2
1 88 1
1 142 9
1 116 4
1 144 4
1 114 9
1 81 5
1 43 8
2 48 9
2 9 8
2 28 2
2 145 6
2 72 7
2 129 8
2 52 9
2 74 6
2 86 8
2 149 3
2 142 1
2 100 7
2 25 6
2 78 4
2 40 1
2 63 3
2 122 6
2 108 8
2 19 3
2 83 9
2 23 5
2 26 1
2 51 7
2 47 8
2 116 10
2 27 6
2 29 2
2 50 3
2 35 7
2 104 7
2 146 7
2 55 7
2 98 6
2 15 7
2 16 1
2 132 10
2 113 10
2 150 2
2 110 8
2 90 2
2 39 5
2 95 1
2 13 10
2 33 3
2 97 10
2 64 5
2 103 4
2 93 10
2 65 8
2 105 5
2 138 9
2 130 4
2 57 7
2 66 4
2 73 2
2 12 2
2 96 1
2 49 4
2 62 7
2 120 9
2 79 6
2 133 10
2 56 8
2 115 8
2 99 10
2 84 3
2 77 8
2 126 10
2 34 2
2 144 5
2 101 3
2 118 3
2 76 4
2 37 5
2 85 6
2 143 1
2 32 1
2 114 10
2 46 7
2 75 8
3 68 6
3 132 9
3 70 8
3 73 7
3 143 3
3 92 10
3 87 7
3 82 9
3 101 4
3 35 9
3 6 10
3 126 4
3 15 3
3 142 8
3 40 3
3 137 6
3 39 1
3 81 10
3 90 3
3 122 8
3 26 8
3 76 3
3 17 10
3 32 7
3 66 10
3 22 6
3 51 1
3 141 1
3 16 8
3 89 3
3 50 10
3 116 8
3 145 6
3 9 1
3 147 9
3 21 7
3 77 10
3 94 1
3 63 10
3 84 8
3 79 1
3 103 9
3 119 9
3 60 1
3 125 6
3 139 10
3 49 9
3 25 2
3 48 4
3 85 4
3 30 2
3 61 7
3 131 7
3 43 8
3 148 1
3 80 2
3 57 9
3 71 5
3 115 9
3 117 8
3 113 9
3 129 6
3 109 9
3 11 1
3 149 3
3 150 10
3 118 6
3 144 8
3 88 4
3 10 3
3 98 2
3 20 9
4 51 1
4 97 8
4 120 10
4 140 10
4 141 6
4 41 9
4 12 4
4 115 6
4 103 7
4 127 7
4 52 10
4 53 6
4 84 7
4 58 6
4 17 6
4 77 3
4 29 7
4 112 9
4 85 7
4 117 4
4 121 5
4 114 9
4 20 3
4 14 1
4 24 10
4 138 6
4 123 9
4 134 9
4 21 8
4 96 2
4 36 2
4 40 3
4 148 10
4 118 3
4 89 10
4 46 3
4 86 7
4 67 5
4 44 1
4 147 2
4 108 5
4 11 9
4 109 1
4 111 5
4 39 7
4 119 10
4 27 6
4 30 1
4 83 9
4 73 3
4 26 3
4 68 9
4 92 9
4 25 1
4 135 9
4 60 1
4 95 8
4 15 9
4 129 5
4 33 1
4 143 7
4 62 1
4 47 4
4 124 5
4 63 4
4 34 2
4 150 7
4 45 9
4 59 5
4 54 1
4 137 6
5 40 1
5 32 10
5 130 2
5 89 6
5 10 4
5 52 5
5 133 10
5 26 9
5 73 1
5 128 1
5 104 10
5 90 4
5 91 4
5 46 1
5 29 4
5 149 3
5 85 1
5 96 4
5 112 9
5 103 8
5 115 9
5 150 10
5 84 6
5 146 6
5 55 7
5 119 10
5 136 6
5 122 9
5 66 10
5 123 3
5 82 2
5 58 6
5 21 6
5 6 7
5 74 6
5 141 1
5 87 5
5 62 8
5 18 1
5 51 9
5 53 10
5 106 10
5 44 10
5 17 6
5 68 9
5 48 6
5 56 2
5 72 10
5 19 7
5 37 8
5 50 2
5 97 9
5 33 6
5 43 9
5 27 5
5 35 6
5 45 4
5 67 5
5 77 6
5 101 9
5 99 3
5 34 4
5 127 7
5 109 1
5 59 7
5 144 8
5 120 4
5 81 6
5 105 9
5 113 4
5 78 3
5 30 4
5 14 6
5 124 5
5 93 6
5 116 1
5 9 10
6 150 1
6 66 10
6 136 4
6 39 7
6 74 8
6 122 9
6 57 6
6 41 3
6 89 7
6 63 6
6 126 2
6 60 7
6 25 9
6 54 1
6 85 7
6 141 3
6 71 10
6 21 2
6 94 10
6 87 6
6 138 7
6 12 5
6 69 6
6 55 3
6 76 8
6 84 6
6 114 1
6 38 3
6 47 2
6 137 7
6 123 4
6 70 10
6 131 5
6 130 9
6 92 3
6 28 1
6 16 6
6 100 9
6 148 9
6 82 4
6 9 2
6 81 6
6 143 9
6 111 3
6 7 4
6 146 10
6 109 2
6 31 4
6 40 3
6 68 5
6 34 7
6 72 4
6 103 1
6 19 3
6 93 3
6 35 10
6 37 1
6 104 6
6 27 10
6 102 5
6 91 1
6 14 9
6 80 3
6 101 1
7 122 1
7 150 7
7 117 2
7 91 6
7 125 8
7 32 8
7 100 6
7 22 4
7 11 8
7 70 8
7 110 2
7 49 4
7 127 2
7 8 9
7 24 9
7 51 7
7 25 1
7 136 2
7 134 4
7 62 6
7 68 2
7 76 4
7 129 8
7 95 10
7 36 4
7 92 6
7 106 6
7 15 2
7 88 4
7 142 8
7 147 8
7 39 7
7 12 5
7 18 1
7 71 5
7 64 2
7 144 4
7 82 8
7 121 3
7 107 2
7 28 4
7 119 10
7 97 8
7 66 5
7 43 6
7 33 9
7 63 1
7 101 4
7 146 6
7 57 8
7 98 4
7 60 3
7 84 6
7 109 2
7 86 5
7 29 2
7 137 2
7 78 3
7 46 6
7 123 5
7 69 5
7 14 2
7 108 8
7 20 10
7 124 7
7 42 3
7 53 10
7 131 8
7 50 5
7 26 8
8 12 3
8 92 5
8 116 2
8 34 2
8 83 3
8 21 3
8 140 4
8 87 4
8 19 7
8 68 10
8 16 4
8 56 8
8 20 1
8 101 2
8 145 4
8 67 3
8 62 5
8 120 7
8 39 10
8 146 10
8 147 5
8 10 5
8 52 3
8 117 10
8 11 3
8 61 7
8 13 9
8 141 3
8 71 4
8 126 8
8 124 1
8 130 5
8 48 4
8 108 5
8 64 3
8 63 7
8 25 2
8 65 3
8 55 3
8 15 6
8 137 4
8 150 10
8 107 10
8 53 3
8 73 3
8 100 1
8 122 7
8 127 7
8 28 5
8 66 10
8 111 9
8 85 2
8 74 8
8 128 6
8 47 8
8 133 2
8 22 7
8 135 6
8 37 9
8 46 7
8 42 2
8 41 1
8 95 4
8 84 10
8 58 9
8 69 3
8 51 4
8 36 2
8 49 3
8 79 5
8 99 6
8 31 2
8 98 4
9 135 8
9 97 3
9 62 9
9 29 9
9 130 10
9 37 1
9 141 2
9 54 9
9 90 5
9 49 4
9 82 7
9 140 2
9 112 2
9 119 1
9 124 8
9 22 2
9 35 10
9 31 5
9 93 8
9 34 10
9 114 10
9 147 8
9 107 10
9 117 9
9 10 3
9 21 10
9 122 8
9 127 3
9 99 2
9 85 9
9 109 1
9 72 2
9 70 9
9 28 6
9 80 10
9 44 3
9 64 2
9 148 5
9 58 8
9 57 10
9 14 7
9 42 8
9 60 6
9 74 7
9 88 5
9 68 9
9 81 3
9 59 10
9 103 6
9 83 4
9 39 6
9 66 9
9 98 6
9 129 7
9 26 5
9 46 9
9 12 9
9 33 5
9 128 7
9 55 2
9 19 5
9 116 6
9 150 8
9 108 7
10 21 1
10 111 8
10 44 7
10 144 5
10 68 10
10 116 2
10 91 5
10 131 2
10 55 7
10 103 7
10 117 8
10 38 7
10 70 9
10 114 1
10 119 3
10 79 7
10 107 6
10 132 2
10 28 7
10 77 5
10 104 2
10 121 7
10 52 8
10 22 8
10 112 7
10 85 6
10 34 1
10 106 6
10 122 10
10 51 4
10 71 2
10 142 2
10 69 10
10 30 10
10 89 6
10 57 10
10 48 5
10 102 10
10 80 5
10 105 7
10 17 3
10 65 5
10 100 7
10 31 6
10 141 8
10 64 5
10 75 5
10 109 10
10 62 8
10 27 5
10 26 1
10 40 5
10 128 6
10 113 5
10 39 7
10 146 6
10 133 9
10 93 5
10 53 2
10 108 4
10 67 3
10 29 4
10 118 4
10 36 10
10 125 2
10 25 10
10 123 1
10 49 1
10 42 4
11 95 1
11 39 9
11 17 4
11 99 2
11 40 2
11 129 2
11 149 5
11 43 5
11 124 8
11 49 4
11 111 3
11 12 8
11 109 5
11 24 3
11 14 1
11 74 5
11 38 3
11 101 3
11 68 7
11 97 8
11 53 10
11 91 6
11 82 6
11 128 8
11 120 1
11 86 7
11 83 3
11 133 1
11 143 6
11 79 2
11 18 6
11 44 1
11 147 9
11 144 5
11 62 5
11 138 7
11 107 7
11 48 4
11 110 8
11 69 8
11 36 8
11 105 8
11 100 4
11 77 3
11 51 5
11 130 5
11 116 10
11 63 3
11 22 3
11 28 9
11 60 1
11 23 5
11 75 2
11 92 5
11 103 5
11 66 1
11 142 5
11 123 3
11 73 7
11 58 3
11 64 8
11 65 3
11 31 5
11 80 8
11 41 3
11 119 10
11 112 3
11 15 10
11 56 4
11 108 8
11 46 3
11 47 9
11 76 8
11 134 1
11 37 10
11 57 6
12 136 2
12 62 1
12 32 10
12 144 1
12 75 5
12 42 10
12 60 6
12 72 10
12 79 5
12 106 3
12 46 9
12 98 9
12 18 2
12 115 2
12 21 6
12 54 4
12 93 8
12 139 4
12 78 1
12 80 5
12 58 6
12 43 5
12 47 7
12 124 3
12 76 3
12 63 6
12 94 9
12 27 1
12 142 3
12 22 2
12 50 6
12 77 5
12 26 8
12 49 4
12 120 4
12 87 3
12 37 4
12 71 10
12 31 5
12 73 1
12 35 5
12 104 7
12 56 4
12 16 4
12 116 5
12 23 8
12 122 2
12 86 9
12 66 9
12 127 2
12 105 7
12 140 4
12 34 7
12 141 3
12 88 7
12 69 7
12 131 10
12 147 10
12 111 8
12 85 1
12 30 10
12 48 6
12 103 7
12 14 8
12 137 9
12 109 9
12 107 5
12 81 8
12 99 6
12 59 4
13 118 7
13 17 6
13 31 8
13 51 2
13 112 1
13 22 5
13 83 3
13 44 8
13 37 8
13 59 6
13 30 2
13 19 9
13 125 4
13 145 3
13 35 1
13 84 9
13 26 4
13 121 6
13 143 5
13 79 5
13 150 7
13 117 1
13 95 5
13 105 6
13 14 10
13 55 10
13 66 2
13 20 4
13 99 8
13 137 1
13 16 1
13 58 6
13 82 8
13 138 8
13 52 4
13 139 10
13 114 4
13 54 4
13 102 9
13 87 8
13 71 8
13 78 10
13 133 8
13 113 8
13 39 7
13 148 2
13 131 6
13 46 10
13 142 10
13 48 4
13 80 6
13 43 1
13 90 5
13 63 5
13 41 8
13 103 7
13 56 2
13 72 2
13 33 7
13 135 8
13 97 9
13 93 4
13 98 5
13 36 10
13 88 8
13 57 9
13 23 1
13 140 9
13 127 5
13 115 7
14 20 1
14 45 6
14 64 7
14 139 9
14 119 3
14 36 10
14 108 10
14 145 3
14 87 5
14 50 6
14 37 1
14 105 1
14 75 8
14 84 4
14 98 1
14 92 1
14 57 9
14 59 6
14 103 8
14 41 1
14 65 10
14 88 6
14 135 1
14 94 10
14 122 6
14 74 10
14 112 5
14 99 7
14 116 3
14 97 6
14 25 2
14 125 3
14 101 2
14 29 3
14 61 8
14 104 10
14 127 5
14 34 3
14 123 9
14 47 1
14 83 8
14 38 1
14 102 9
14 70 4
14 60 9
14 72 7
14 62 2
14 56 8
14 68 3
14 100 9
14 143 4
14 42 2
14 63 6
14 33 2
14 120 9
14 69 4
14 117 9
14 106 6
14 23 3
14 53 1
14 131 6
14 43 8
14 51 9
15 99 3
15 110 3
15 27 10
15 83 4
15 23 3
15 81 1
15 103 5
15 78 3
15 54 7
15 75 6
15 66 10
15 32 5
15 126 5
15 38 10
15 92 8
15 79 9
15 35 9
15 138 7
15 74 2
15 71 5
15 76 3
15 140 5
15 42 3
15 132 5
15 43 3
15 105 2
15 41 10
15 141 8
15 31 4
15 21 4
15 104 7
15 45 7
15 52 1
15 131 1
15 60 9
15 129 5
15 106 6
15 59 7
15 17 2
15 100 10
15 87 6
15 44 2
15 98 4
15 56 3
15 146 9
15 120 2
15 128 10
15 62 9
15 94 10
15 68 2
15 86 7
15 22 8
15 137 6
15 69 5
15 123 3
15 124 2
15 28 2
15 50 3
15 90 7
15 133 5
15 150 5
15 65 7
15 97 9
15 93 9
15 67 7
15 48 5
15 58 3
15 33 10
15 64 8
15 122 7
15 108 6
15 96 7
15 134 7
15 39 1
15 109 7
16 70 4
16 50 1
16 56 2
16 51 5
16 109 2
16 64 2
16 25 8
16 150 6
16 114 9
16 29 7
16 24 9
16 22 5
16 58 7
16 135 10
16 149 4
16 86 1
16 92 4
16 108 1
16 72 10
16 63 4
16 49 1
16 33 1
16 148 10
16 134 9
16 95 10
16 69 3
16 18 10
16 34 9
16 119 2
16 96 1
16 93 8
16 110 5
16 45 2
16 136 8
16 138 3
16 71 6
16 77 9
16 102 2
16 90 7
16 107 2
16 121 5
16 68 1
16 52 6
16 100 4
16 61 10
16 79 6
16 124 7
16 37 9
16 88 4
16 146 8
16 59 3
16 106 1
16 115 9
16 57 6
16 74 8
16 19 2
16 128 5
16 97 8
16 21 1
16 144 5
16 76 4
16 60 2
16 127 9
16 38 2
17 64 1
17 59 5
17 73 4
17 35 6
17 136 6
17 118 8
17 116 7
17 18 10
17 70 5
17 98 10
17 149 4
17 104 5
17 68 7
17 106 6
17 28 8
17 62 1
17 29 7
17 137 5
17 108 3
17 82 6
17 113 9
17 125 8
17 60 1
17 26 5
17 90 3
17 80 3
17 93 5
17 39 7
17 67 8
17 144 3
17 105 2
17 111 2
17 22 9
17 25 8
17 101 7
17 55 4
17 100 7
17 114 4
17 123 4
17 46 10
17 38 2
17 84 3
17 127 6
17 61 8
17 77 7
17 147 9
17 89 5
17 20 6
17 94 6
17 129 1
17 143 10
17 53 1
17 97 3
17 24 5
17 142 1
17 103 2
17 131 3
17 134 7
17 138 8
17 47 5
17 112 10
17 74 4
17 141 6
17 120 3
17 41 5
17 117 9
17 107 6
17 99 10
17 85 8
17 95 10
17 102 8
17 52 8
17 19 1
17 92 1
17 66 6
17 81 2
18 145 4
18 61 3
18 82 6
18 102 6
18 91 6
18 33 4
18 90 10
18 55 3
18 83 9
18 139 6
18 28 3
18 75 9
18 58 6
18 97 6
18 31 7
18 126 10
18 147 10
18 134 10
18 85 6
18 50 7
18 131 1
18 73 6
18 99 5
18 51 1
18 148 3
18 88 9
18 112 10
18 150 8
18 104 6
18 25 2
18 118 6
18 66 6
18 32 5
18 141 5
18 71 8
18 115 1
18 34 1
18 53 10
18 124 6
18 41 8
18 23 3
18 40 3
18 70 3
18 113 6
18 87 3
18 59 1
18 116 4
18 133 5
18 65 5
18 142 7
18 35 5
18 21 9
18 89 4
18 81 7
18 137 4
18 130 7
18 105 4
18 67 7
18 27 5
18 86 9
18 96 3
18 76 6
18 140 1
18 56 7
18 119 7
19 145 1
19 62 6
19 127 7
19 125 6
19 51 4
19 150 1
19 55 5
19 66 10
19 142 2
19 129 7
19 32 6
19 72 2
19 74 1
19 116 6
19 110 8
19 107 8
19 44 10
19 37 10
19 79 6
19 31 10
19 30 3
19 21 1
19 139 3
19 85 8
19 92 3
19 90 4
19 40 8
19 111 1
19 33 4
19 122 8
19 82 6
19 100 9
19 112 5
19 57 1
19 58 6
19 53 3
19 99 3
19 97 6
19 35 6
19 22 10
19 96 9
19 45 7
19 141 9
19 71 1
19 80 4
19 43 2
19 47 7
19 147 10
19 24 5
19 67 9
19 68 2
19 46 10
19 50 7
19 126 10
19 89 6
19 95 5
19 124 1
19 25 2
19 109 1
19 61 9
19 88 10
20 46 6
20 95 2
20 79 1
20 127 3
20 64 4
20 74 3
20 32 9
20 119 7
20 76 4
20 37 8
20 55 6
20 147 9
20 86 1
20 98 10
20 148 7
20 96 5
20 94 8
20 93 2
20 99 7
20 118 4
20 92 6
20 102 4
20 139 4
20 145 2
20 134 8
20 140 9
20 91 10
20 40 3
20 58 1
20 83 10
20 88 3
20 22 10
20 132 5
20 123 9
20 115 3
20 23 10
20 67 6
20 106 1
20 89 7
20 65 10
20 52 6
20 34 5
20 78 1
20 101 2
20 36 3
20 62 6
20 112 4
20 135 9
20 128 4
20 144 3
20 75 4
20 54 6
20 122 7
20 50 2
20 137 8
20 60 2
21 145 10
21 142 2
21 126 2
21 120 4
21 129 2
21 45 6
21 149 3
21 109 1
21 117 2
21 90 6
21 64 5
21 80 8
21 60 10
21 102 5
21 147 2
21 51 2
21 150 1
21 69 1
21 95 6
21 146 5
21 133 3
21 103 8
21 22 1
21 54 3
21 31 3
21 108 10
21 104 2
21 143 1
21 111 10
21 32 2
21 93 5
21 63 2
21 42 7
21 33 1
21 94 5
21 50 4
21 141 1
21 27 1
21 84 2
21 139 10
21 127 7
21 119 8
21 47 5
21 128 7
21 70 10
21 121 2
21 66 3
21 130 6
21 96 3
21 113 8
21 71 4
21 48 8
21 36 8
21 99 4
21 131 3
21 122 10
21 105 6
21 98 6
21 134 2
21 137 4
21 81 2
21 55 10
21 110 9
22 144 5
22 71 7
22 115 4
22 139 6
22 42 5
22 35 7
22 25 1
22 117 5
22 97 7
22 133 9
22 119 5
22 142 3
22 67 8
22 88 3
22 134 3
22 101 10
22 56 9
22 116 5
22 24 5
22 33 3
22 44 9
22 120 5
22 109 2
22 23 3
22 60 6
22 143 8
22 105 2
22 79 1
22 64 4
22 54 9
22 75 7
22 45 2
22 135 3
22 118 5
22 47 7
22 104 3
22 130 1
22 68 3
22 113 6
22 78 6
22 40 2
22 122 10
22 129 8
22 39 8
22 41 7
22 100 2
22 92 9
22 102 2
22 103 9
22 148 5
22 80 7
22 140 3
22 34 3
22 150 3
22 121 6
22 99 7
22 57 5
22 123 4
22 30 7
22 43 5
22 76 8
22 106 10
22 83 6
22 27 9
22 98 2
22 146 9
22 141 7
22 128 9
22 48 2
22 86 1
22 29 5
22 55 7
22 147 6
22 73 2
23 63 6
23 37 10
23 132 10
23 33 8
23 99 4
23 106 9
23 95 3
23 70 9
23 41 8
23 118 1
23 135 8
23 110 2
23 137 4
23 59 5
23 38 4
23 24 4
23 80 7
23 55 9
23 128 10
23 74 2
23 75 8
23 30 5
23 91 8
23 79 4
23 78 10
23 29 8
23 57 7
23 56 10
23 46 9
23 138 3
23 142 9
23 134 1
23 96 10
23 66 7
23 68 2
23 36 4
23 119 9
23 140 7
23 67 10
23 108 4
23 102 5
23 121 3
23 120 2
23 73 5
23 27 7
23 51 6
23 87 1
23 146 3
23 85 9
23 28 10
23 42 6
23 93 8
23 49 4
23 97 7
23 69 5
23 44 7
23 139 2
23 77 7
23 131 10
23 141 1
23 34 9
23 149 7
23 98 3
23 35 4
23 147 9
23 53 6
23 45 9
23 144 2
24 92 5
24 42 7
24 93 3
24 113 3
24 97 1
24 143 8
24 84 1
24 123 6
24 66 5
24 47 1
24 35 6
24 144 10
24 86 8
24 124 3
24 109 10
24 125 10
24 46 4
24 139 8
24 25 4
24 108 6
24 41 7
24 69 2
24 81 4
24 94 1
24 129 9
24 26 6
24 48 2
24 138 3
24 78 9
24 146 1
24 27 10
24 73 3
24 99 1
24 56 8
24 55 7
24 128 9
24 127 9
24 111 3
24 135 9
24 95 8
24 40 8
24 117 10
24 62 6
24 38 5
24 79 9
24 121 1
24 132 1
24 49 7
24 122 7
24 96 3
24 107 3
24 80 1
24 36 5
24 29 7
24 131 5
24 120 6
24 119 1
24 133 7
24 110 3
24 102 4
24 88 6
24 61 3
24 105 10
24 115 1
24 141 4
25 83 2
25 120 10
25 125 7
25 135 1
25 139 7
25 52 7
25 102 5
25 59 4
25 107 8
25 133 7
25 114 1
25 53 3
25 56 1
25 134 8
25 124 10
25 122 7
25 115 5
25 80 9
25 94 6
25 64 3
25 30 9
25 43 7
25 49 3
25 31 6
25 99 5
25 109 9
25 110 2
25 38 3
25 44 4
25 79 4
25 36 8
25 136 5
25 35 5
25 72 8
25 62 5
25 47 10
25 39 2
25 82 4
25 69 10
25 29 10
25 91 8
25 26 5
25 105 2
25 28 10
25 88 5
25 149 1
25 108 3
25 34 2
25 100 7
25 58 8
25 42 10
25 113 9
25 150 9
25 63 7
25 104 7
26 116 2
26 30 5
26 32 1
26 128 1
26 125 5
26 118 4
26 108 1
26 36 3
26 79 3
26 39 6
26 148 7
26 138 2
26 98 8
26 143 9
26 149 6
26 111 7
26 83 4
26 76 5
26 48 7
26 68 5
26 33 3
26 113 2
26 110 3
26 62 8
26 135 1
26 41 6
26 137 5
26 141 9
26 119 3
26 66 4
26 38 3
26 84 2
26 122 4
26 90 2
26 134 5
26 34 2
26 81 4
26 120 8
26 123 5
26 109 1
26 56 10
26 72 3
26 60 10
26 114 3
26 97 10
26 54 6
26 65 3
26 55 1
26 112 7
26 107 2
26 103 5
26 150 9
26 87 8
26 78 7
26 57 3
26 89 8
26 101 9
26 96 6
26 144 1
26 52 9
26 28 7
26 145 5
26 117 1
26 31 4
26 92 7
26 147 3
27 128 5
27 121 6
27 105 4
27 95 4
27 65 9
27 64 2
27 34 9
27 127 7
27 28 6
27 49 9
27 138 2
27 110 1
27 87 5
27 58 3
27 88 7
27 84 4
27 61 1
27 147 5
27 123 6
27 125 7
27 139 1
27 69 8
27 118 10
27 120 3
27 100 6
27 130 1
27 149 6
27 96 3
27 44 7
27 48 3
27 43 7
27 101 9
27 33 8
27 91 8
27 136 5
27 30 6
27 52 6
27 132 1
27 117 8
27 40 2
27 80 2
27 124 4
27 79 1
27 106 9
27 93 2
27 142 4
27 41 7
27 68 1
27 59 2
27 53 10
27 112 1
27 45 10
27 81 5
27 137 3
27 126 1
27 29 8
27 67 4
27 62 3
27 50 2
27 60 8
27 37 6
27 31 7
28 148 3
28 99 4
28 103 8
28 131 5
28 101 7
28 73 3
28 70 5
28 68 6
28 106 10
28 139 1
28 49 8
28 127 8
28 110 5
28 53 2
28 41 10
28 96 5
28 124 3
28 76 8
28 126 3
28 112 2
28 116 1
28 56 2
28 81 7
28 38 3
28 146 5
28 77 8
28 92 5
28 89 1
28 54 6
28 147 5
28 98 7
28 140 1
28 69 8
28 83 10
28 47 4
28 130 10
28 121 10
28 119 8
28 125 6
28 94 9
28 42 2
28 117 6
28 90 1
28 40 5
28 58 10
28 71 9
28 91 5
28 78 9
28 50 2
28 84 1
28 74 2
28 85 3
28 97 9
28 82 10
28 87 5
28 150 6
28 142 5
29 88 1
29 30 9
29 56 10
29 72 8
29 145 5
29 120 7
29 131 7
29 36 10
29 66 5
29 135 8
29 31 7
29 85 9
29 91 5
29 124 7
29 113 1
29 58 7
29 138 4
29 114 10
29 106 10
29 57 8
29 50 5
29 35 1
29 94 6
29 80 1
29 42 9
29 84 9
29 143 5
29 48 6
29 64 5
29 137 10
29 103 3
29 79 6
29 116 6
29 98 8
29 46 7
29 105 2
29 127 8
29 67 8
29 90 4
29 86 5
29 139 3
29 122 8
29 102 1
29 81 10
29 76 7
29 47 8
29 140 1
29 110 8
29 147 7
29 61 3
29 123 2
29 45 10
29 136 3
29 109 10
29 121 6
29 59 5
29 89 7
29 60 3
30 130 2
30 125 7
30 80 7
30 39 10
30 48 9
30 105 2
30 118 7
30 149 6
30 134 10
30 145 10
30 67 9
30 46 10
30 93 10
30 73 2
30 45 6
30 51 9
30 132 8
30 98 1
30 150 3
30 97 5
30 102 3
30 36 1
30 88 7
30 34 10
30 119 9
30 71 6
30 65 3
30 32 8
30 87 2
30 101 6
30 124 8
30 86 9
30 49 8
30 81 3
30 35 1
30 44 1
30 42 9
30 92 2
30 121 9
30 31 1
30 91 8
30 111 6
30 107 2
30 47 8
30 120 9
30 33 9
30 144 3
30 37 4
30 95 6
30 96 8
30 146 6
30 64 4
30 61 5
30 110 9
30 84 9
30 54 7
30 41 3
30 103 6
30 128 8
31 127 2
31 94 7
31 118 10
31 130 10
31 91 9
31 143 1
31 119 10
31 43 7
31 134 4
31 112 10
31 100 7
31 65 9
31 107 9
31 46 3
31 137 4
31 146 5
31 40 1
31 109 1
31 145 3
31 63 6
31 149 9
31 128 1
31 45 3
31 58 5
31 111 6
31 68 6
31 101 1
31 35 1
31 50 1
31 84 10
31 81 1
31 60 1
31 39 10
31 139 2
31 52 8
31 33 10
31 121 10
31 131 7
31 125 6
31 92 1
31 97 3
31 150 1
31 62 3
31 59 5
31 99 9
31 34 6
31 76 1
31 106 2
31 148 5
31 85 1
31 120 8
31 73 9
31 89 6
31 70 4
32 119 1
32 91 1
32 33 10
32 115 1
32 88 10
32 94 2
32 62 9
32 123 10
32 97 5
32 85 6
32 84 7
32 46 9
32 60 9
32 42 10
32 138 8
32 149 3
32 136 6
32 76 4
32 106 10
32 99 8
32 45 2
32 133 8
32 40 1
32 82 8
32 145 4
32 56 2
32 41 8
32 142 7
32 105 1
32 107 4
32 44 9
32 147 5
32 57 8
32 114 6
32 35 10
32 58 9
32 127 9
32 73 1
32 121 8
32 129 2
32 86 5
32 150 6
32 102 10
32 140 6
32 48 5
32 131 10
32 139 9
32 80 6
32 83 2
32 43 5
32 120 9
32 130 3
32 113 1
32 96 6
32 47 10
32 98 5
32 134 4
32 54 3
32 116 1
32 77 10
33 40 10
33 46 10
33 93 10
33 146 5
33 67 7
33 91 6
33 98 10
33 149 8
33 58 9
33 73 10
33 59 6
33 130 4
33 64 3
33 88 10
33 144 2
33 90 6
33 65 9
33 129 7
33 69 2
33 80 6
33 135 7
33 97 7
33 35 6
33 68 10
33 134 9
33 142 7
33 140 4
33 122 6
33 45 9
33 96 6
33 79 10
33 75 5
33 112 10
33 118 5
33 87 5
33 107 6
33 49 2
33 38 1
33 109 5
33 138 5
33 104 10
33 42 3
33 48 7
33 83 7
33 110 6
33 131 10
33 95 2
33 77 2
33 60 6
33 41 3
33 62 10
33 72 1
33 125 6
33 85 3
33 92 10
33 55 5
33 61 10
33 70 4
33 114 6
33 100 10
33 147 5
34 41 10
34 107 10
34 47 9
34 118 1
34 109 5
34 106 8
34 77 9
34 120 10
34 79 1
34 143 9
34 56 6
34 70 5
34 132 8
34 145 10
34 38 1
34 46 9
34 137 10
34 122 7
34 114 2
34 125 6
34 71 10
34 81 2
34 65 10
34 133 9
34 67 10
34 49 9
34 95 7
34 39 5
34 52 3
34 100 5
34 96 3
34 123 1
34 63 2
34 80 6
34 93 4
34 108 3
34 103 3
34 148 5
34 42 5
34 116 9
34 59 5
34 68 2
34 60 8
34 88 10
34 104 3
34 86 5
34 135 10
34 146 8
34 147 9
34 62 5
34 53 4
34 61 9
34 37 1
34 98 2
34 113 10
35 88 1
35 118 4
35 85 10
35 129 7
35 87 1
35 124 3
35 78 8
35 89 9
35 101 5
35 79 7
35 98 3
35 41 9
35 127 4
35 46 4
35 77 4
35 99 1
35 131 4
35 37 3
35 97 9
35 105 4
35 142 7
35 119 10
35 65 7
35 128 3
35 95 8
35 138 6
35 136 9
35 135 6
35 103 6
35 137 3
35 53 2
35 92 10
35 132 5
35 72 3
35 149 2
35 115 5
35 64 3
35 42 7
35 116 6
35 40 7
35 38 7
35 83 5
35 47 2
35 43 1
35 147 4
35 93 3
35 68 2
35 54 7
35 100 3
35 44 4
35 63 7
35 91 8
35 94 8
35 140 1
35 70 10
35 74 10
35 76 6
35 51 4
35 66 1
35 52 7
35 122 9
35 120 4
35 49 10
35 50 1
35 80 10
35 81 5
35 143 6
35 145 8
36 37 7
36 61 7
36 43 9
36 132 6
36 140 1
36 134 8
36 126 9
36 102 9
36 104 1
36 75 8
36 70 10
36 83 8
36 48 3
36 118 8
36 51 5
36 84 6
36 136 9
36 82 3
36 101 8
36 91 5
36 107 8
36 123 9
36 50 4
36 98 7
36 77 8
36 85 8
36 95 1
36 76 9
36 128 3
36 88 2
36 146 6
36 148 9
36 45 8
36 41 10
36 67 2
36 147 1
36 105 4
36 55 2
36 142 2
36 38 9
36 119 3
36 59 8
36 92 1
36 86 1
36 127 4
36 145 4
36 116 2
36 78 7
36 97 8
36 113 6
36 124 3
37 43 7
37 105 2
37 94 9
37 89 8
37 53 3
37 134 9
37 146 7
37 54 7
37 100 3
37 72 10
37 107 9
37 88 7
37 99 10
37 50 5
37 92 4
37 81 8
37 55 7
37 86 3
37 87 4
37 113 8
37 44 2
37 136 5
37 101 5
37 82 7
37 109 2
37 108 2
37 56 8
37 46 9
37 80 3
37 95 7
37 59 1
37 70 10
37 129 7
37 48 7
37 147 9
37 60 1
37 119 2
37 96 2
37 137 7
37 141 1
37 93 7
37 49 4
37 106 2
37 75 9
37 122 6
37 42 9
37 131 4
37 124 7
37 110 7
37 112 8
37 121 5
37 133 7
37 145 9
37 47 8
37 40 7
38 121 8
38 40 5
38 61 9
38 142 3
38 145 8
38 54 6
38 130 7
38 129 4
38 68 8
38 122 4
38 92 8
38 144 9
38 48 7
38 91 10
38 47 2
38 94 10
38 134 10
38 118 8
38 102 1
38 50 9
38 119 1
38 72 10
38 78 9
38 74 7
38 126 10
38 110 8
38 149 1
38 65 4
38 98 6
38 71 2
38 93 9
38 108 2
38 140 4
38 125 7
38 127 2
38 103 9
38 100 2
38 95 4
38 89 1
38 57 7
38 56 6
38 41 6
38 147 4
38 64 8
38 141 2
38 143 4
38 132 7
38 137 1
38 59 3
38 39 3
38 51 8
38 79 6
38 46 10
38 42 7
38 111 10
39 109 2
39 57 10
39 60 6
39 53 5
39 125 1
39 100 2
39 96 5
39 49 8
39 115 7
39 77 4
39 76 9
39 59 8
39 66 1
39 130 3
39 112 5
39 84 9
39 79 8
39 78 2
39 80 6
39 67 8
39 43 9
39 137 8
39 129 2
39 61 6
39 88 5
39 75 4
39 65 2
39 40 9
39 63 6
39 127 5
39 68 3
39 92 5
39 120 10
39 50 9
39 74 8
39 51 2
39 147 5
39 136 6
39 142 8
39 135 10
39 73 3
39 97 7
39 94 6
39 128 2
39 117 1
39 107 3
39 87 6
39 145 10
39 134 4
39 122 3
39 89 8
39 148 6
39 111 9
39 48 1
39 83 7
39 54 8
39 52 4
39 42 3
39 141 2
39 144 5
39 71 2
39 70 2
40 64 5
40 100 9
40 75 9
40 121 6
40 52 7
40 57 8
40 136 2
40 98 7
40 67 8
40 51 9
40 99 4
40 89 8
40 59 7
40 146 9
40 104 2
40 103 5
40 46 4
40 115 3
40 81 7
40 125 2
40 102 2
40 53 7
40 107 9
40 105 2
40 55 4
40 128 9
40 106 4
40 83 4
40 70 10
40 147 4
40 114 2
40 43 9
40 127 2
40 92 8
40 142 7
40 108 7
40 111 10
40 148 9
40 90 7
40 78 8
40 145 3
40 72 3
40 45 8
40 50 1
40 135 6
40 96 6
40 85 7
40 133 4
40 126 5
40 109 8
40 112 2
40 54 8
40 62 7
40 113 6
40 93 5
40 41 9
40 61 4
40 150 8
40 71 6
40 120 2
40 63 6
40 137 2
40 66 1
41 90 3
41 139 10
41 142 3
41 69 8
41 109 3
41 87 2
41 126 2
41 132 5
41 47 2
41 78 4
41 81 5
41 110 10
41 57 5
41 149 9
41 76 7
41 42 6
41 64 5
41 48 4
41 50 2
41 73 1
41 117 6
41 134 1
41 114 9
41 80 5
41 102 4
41 143 10
41 82 2
41 88 9
41 146 3
41 85 8
41 128 1
41 63 1
41 58 3
41 124 10
41 83 1
41 144 3
41 118 6
41 121 5
41 130 1
41 113 6
41 72 7
41 53 5
41 61 3
41 101 6
41 111 4
41 97 6
41 91 3
41 92 9
41 100 10
41 145 10
41 138 1
41 55 3
41 95 1
41 86 6
41 129 5
41 46 5
42 48 8
42 130 7
42 119 1
42 95 6
42 68 6
42 71 2
42 125 7
42 59 9
42 69 7
42 106 4
42 104 10
42 113 1
42 109 2
42 117 9
42 54 1
42 50 1
42 140 5
42 110 9
42 91 4
42 78 10
42 121 6
42 49 5
42 122 5
42 96 9
42 134 1
42 85 5
42 142 8
42 94 8
42 127 5
42 46 9
42 79 7
42 123 2
42 90 6
42 139 2
42 138 9
42 73 5
42 53 6
42 124 5
42 82 10
42 81 10
42 111 1
42 58 5
42 83 3
42 77 9
42 57 8
42 60 6
42 101 7
42 135 10
42 116 4
43 55 5
43 125 9
43 77 3
43 67 6
43 149 9
43 133 6
43 45 7
43 140 3
43 76 8
43 65 9
43 95 7
43 57 8
43 62 5
43 150 5
43 113 8
43 123 5
43 73 7
43 47 4
43 58 6
43 81 9
43 148 6
43 142 3
43 63 1
43 50 5
43 144 7
43 72 5
43 90 9
43 119 1
43 60 7
43 82 10
43 132 2
43 83 3
43 46 4
43 109 6
43 117 10
43 138 3
43 75 3
43 106 3
43 108 10
43 145 10
43 93 4
43 130 8
43 137 1
43 96 8
44 127 2
44 90 10
44 93 9
44 48 4
44 133 1
44 52 7
44 149 4
44 100 10
44 70 4
44 47 10
44 50 4
44 105 9
44 98 3
44 82 2
44 65 1
44 63 9
44 80 4
44 88 7
44 114 3
44 109 1
44 119 4
44 130 5
44 54 4
44 101 8
44 66 7
44 117 1
44 67 1
44 77 2
44 59 3
44 136 1
44 121 3
44 140 7
44 146 2
44 102 1
44 118 1
44 99 5
44 83 7
44 110 10
44 124 4
44 143 9
44 145 1
44 55 9
44 128 9
44 79 6
44 76 4
44 89 3
44 72 5
44 61 8
44 86 7
44 139 6
44 51 3
44 62 4
44 64 10
44 125 2
44 112 3
45 80 4
45 146 1
45 106 9
45 81 1
45 91 4
45 110 9
45 124 7
45 95 7
45 53 10
45 63 8
45 49 7
45 79 5
45 85 5
45 150 4
45 52 7
45 104 4
45 55 3
45 97 2
45 100 5
45 114 10
45 107 2
45 58 3
45 71 10
45 136 6
45 84 7
45 122 8
45 57 1
45 111 2
45 61 6
45 86 9
45 143 6
45 88 4
45 60 3
45 99 1
45 83 6
45 108 5
45 46 9
45 62 7
45 93 3
45 69 6
45 149 2
45 137 6
45 56 9
45 76 2
45 64 3
45 142 1
45 147 5
45 139 3
45 103 1
45 126 2
45 68 1
45 77 9
45 50 6
45 129 4
45 133 6
46 49 5
46 128 3
46 70 10
46 109 7
46 123 10
46 135 4
46 53 4
46 146 7
46 68 8
46 100 6
46 143 10
46 59 6
46 64 5
46 127 6
46 113 1
46 134 8
46 65 1
46 103 3
46 142 9
46 99 1
46 96 3
46 82 9
46 119 7
46 60 8
46 50 10
46 63 9
46 105 8
46 111 3
46 129 3
46 136 6
46 89 4
46 147 9
46 81 3
46 52 3
46 125 6
46 87 10
46 137 9
46 132 9
46 107 7
46 55 5
46 141 3
46 112 8
46 74 5
46 120 8
46 85 8
46 102 3
46 90 2
46 149 9
46 47 8
46 57 8
46 48 2
46 83 8
46 106 4
46 93 10
47 51 5
47 87 3
47 134 2
47 63 2
47 48 10
47 67 9
47 71 2
47 76 6
47 96 3
47 120 8
47 135 3
47 141 3
47 64 6
47 57 10
47 86 1
47 72 9
47 125 9
47 68 4
47 130 5
47 93 2
47 138 8
47 81 9
47 55 7
47 99 3
47 95 10
47 60 3
47 126 10
47 102 9
47 85 8
47 84 10
47 80 1
47 139 9
47 52 3
47 140 9
47 66 2
47 77 8
47 144 1
47 73 6
47 110 4
47 128 1
47 129 8
47 59 6
47 132 9
47 115 8
47 54 4
47 148 3
47 131 3
47 75 3
47 105 7
47 107 6
48 84 8
48 122 10
48 101 6
48 144 4
48 62 10
48 83 9
48 81 10
48 99 9
48 61 6
48 129 10
48 51 7
48 107 1
48 137 2
48 71 1
48 91 1
48 52 3
48 53 5
48 50 4
48 55 6
48 56 1
48 108 1
48 96 1
48 105 1
48 103 9
48 121 8
48 123 4
48 113 7
48 75 1
48 132 9
48 139 7
48 58 2
48 95 2
48 127 5
48 130 9
48 150 3
48 134 10
48 106 3
48 149 1
48 141 8
48 120 1
48 79 9
48 49 1
48 68 3
48 118 9
48 77 9
48 126 9
48 143 2
48 88 5
48 97 3
48 73 3
48 148 3
49 137 5
49 98 3
49 128 2
49 121 10
49 75 7
49 132 3
49 123 8
49 83 8
49 86 4
49 147 2
49 140 8
49 93 7
49 109 9
49 117 3
49 65 10
49 104 3
49 149 8
49 80 8
49 79 2
49 90 10
49 131 6
49 66 2
49 141 4
49 136 6
49 139 3
49 73 3
49 102 2
49 101 7
49 118 9
49 99 5
49 59 5
49 119 7
49 100 7
49 69 6
49 62 1
49 148 3
49 61 6
49 135 8
49 85 6
49 74 9
49 127 5
49 138 2
49 110 8
49 133 4
49 126 8
49 111 3
49 92 3
49 114 6
49 124 7
49 143 9
49 63 10
49 76 1
49 56 10
50 138 8
50 104 1
50 135 3
50 145 3
50 95 10
50 81 2
50 98 10
50 61 8
50 128 2
50 51 6
50 92 8
50 103 5
50 93 3
50 94 6
50 64 7
50 110 1
50 148 2
50 82 8
50 107 5
50 58 4
50 124 1
50 141 5
50 123 1
50 105 9
50 66 4
50 144 8
50 112 4
50 60 6
50 84 2
50 130 2
50 68 1
50 134 1
50 87 10
50 143 7
50 150 5
50 108 8
50 122 6
50 62 10
50 139 3
50 89 1
50 102 9
50 59 6
50 111 2
50 147 3
51 127 10
51 108 4
51 100 6
51 92 2
51 118 9
51 112 9
51 59 8
51 122 6
51 62 1
51 113 6
51 63 7
51 105 5
51 69 6
51 56 1
51 144 1
51 95 9
51 147 4
51 116 2
51 138 4
51 53 6
51 52 8
51 117 7
51 91 5
51 145 8
51 81 6
51 84 8
51 124 7
51 88 5
51 120 10
51 98 8
51 135 2
51 139 7
51 132 8
51 94 8
51 65 9
51 119 1
51 142 4
51 149 10
51 107 3
51 83 6
51 134 9
51 140 3
51 72 8
51 103 2
51 68 10
51 150 2
51 80 1
51 126 4
51 96 1
51 110 10
51 57 5
52 96 6
52 120 7
52 114 8
52 91 1
52 69 5
52 108 8
52 93 4
52 99 9
52 143 2
52 87 3
52 88 5
52 135 4
52 111 5
52 68 4
52 128 9
52 75 2
52 61 7
52 74 8
52 95 4
52 77 8
52 100 3
52 62 10
52 140 4
52 145 7
52 141 2
52 139 7
52 81 5
52 98 7
52 80 3
52 89 3
52 97 6
52 58 2
52 60 2
52 84 3
52 116 9
52 66 8
52 129 8
52 118 1
52 148 5
52 102 9
52 107 9
52 144 7
52 63 6
52 67 7
52 123 3
52 134 5
53 141 7
53 138 9
53 146 2
53 135 9
53 89 9
53 116 10
53 117 2
53 91 4
53 83 10
53 77 4
53 124 9
53 62 4
53 84 4
53 134 8
53 54 9
53 98 8
53 96 3
53 109 1
53 94 6
53 119 2
53 103 6
53 76 8
53 147 7
53 125 9
53 126 10
53 66 2
53 150 7
53 67 2
53 88 1
53 142 3
53 97 8
53 128 5
53 106 4
53 61 3
53 144 3
53 114 9
53 115 8
53 72 5
53 108 8
53 78 10
53 105 8
53 133 10
53 118 6
53 85 2
53 90 3
53 75 2
53 92 9
53 123 4
53 70 10
54 113 8
54 123 4
54 96 8
54 97 7
54 61 7
54 147 1
54 74 6
54 87 6
54 114 2
54 137 5
54 93 5
54 80 10
54 65 9
54 120 6
54 75 5
54 148 3
54 88 3
54 95 8
54 72 6
54 108 6
54 136 5
54 89 1
54 102 2
54 143 10
54 76 2
54 57 2
54 132 9
54 145 1
54 106 7
54 126 3
54 138 2
54 125 4
54 78 9
54 99 5
54 64 3
54 139 1
54 111 4
54 62 7
54 67 4
54 103 10
54 91 6
54 92 1
54 119 3
54 79 6
54 73 4
54 68 4
54 63 2
54 100 10
54 135 7
54 122 4
55 118 2
55 56 3
55 129 8
55 124 10
55 70 8
55 71 2
55 121 4
55 112 2
55 95 10
55 77 9
55 96 2
55 120 4
55 72 2
55 125 7
55 91 6
55 133 9
55 108 4
55 101 8
55 82 5
55 74 7
55 79 5
55 109 9
55 90 10
55 115 9
55 141 10
55 65 8
55 135 10
55 68 5
55 58 1
55 137 7
55 97 1
55 98 5
55 86 8
55 92 7
55 105 8
55 128 1
55 102 5
55 66 6
55 103 8
55 107 7
55 110 5
55 111 2
55 73 2
55 59 9
55 119 9
55 113 5
55 93 8
55 87 4
55 69 9
55 85 6
55 81 5
55 136 8
56 146 7
56 142 8
56 101 10
56 107 8
56 67 9
56 65 2
56 69 7
56 86 7
56 130 2
56 114 9
56 109 1
56 82 5
56 79 10
56 105 4
56 76 1
56 148 9
56 111 7
56 120 2
56 127 2
56 108 10
56 81 8
56 104 7
56 96 10
56 131 3
56 140 2
56 78 10
56 138 5
56 102 3
56 93 5
56 126 7
56 63 2
56 68 10
56 122 1
56 58 6
56 113 2
56 150 4
56 135 8
56 110 9
56 61 4
56 118 2
56 117 1
56 100 5
56 72 8
56 90 5
56 70 9
56 95 7
57 147 6
57 131 1
57 132 8
57 90 8
57 120 10
57 97 5
57 58 6
57 110 3
57 98 10
57 114 10
57 75 6
57 117 7
57 126 2
57 86 10
57 85 10
57 121 5
57 74 4
57 142 9
57 88 1
57 60 5
57 135 8
57 138 4
57 107 2
57 102 6
57 134 7
57 109 3
57 73 6
57 136 9
57 99 5
57 79 3
57 82 1
57 128 1
57 72 9
57 63 8
57 65 1
57 106 2
57 115 5
57 112 10
57 84 1
57 141 3
57 101 2
58 148 2
58 136 7
58 95 5
58 113 6
58 84 7
58 88 1
58 116 6
58 115 1
58 122 3
58 104 5
58 132 2
58 93 6
58 99 6
58 61 7
58 86 8
58 65 5
58 106 9
58 97 2
58 120 8
58 118 7
58 66 7
58 108 2
58 72 2
58 76 10
58 69 3
58 114 5
58 87 2
58 96 6
58 75 2
58 90 10
58 89 2
58 141 3
58 77 3
58 100 4
58 119 2
58 102 7
58 68 4
58 123 4
58 67 7
58 150 3
58 59 8
58 64 5
58 60 3
58 129 9
58 103 10
58 92 2
58 135 7
59 66 1
59 147 4
59 78 1
59 126 1
59 82 3
59 111 9
59 133 4
59 100 3
59 93 7
59 79 9
59 86 2
59 95 7
59 69 6
59 99 7
59 87 1
59 81 1
59 135 1
59 125 9
59 149 5
59 63 1
59 115 5
59 132 2
59 89 10
59 139 1
59 84 5
59 74 9
59 112 10
59 148 8
59 129 4
59 107 4
59 138 2
59 110 10
59 150 1
59 83 2
59 77 8
59 106 10
59 92 3
59 76 8
59 117 9
59 144 7
59 75 9
60 65 6
60 107 9
60 83 1
60 75 7
60 112 7
60 80 7
60 100 5
60 73 5
60 72 2
60 136 7
60 76 8
60 123 2
60 131 7
60 64 9
60 147 1
60 146 1
60 91 4
60 120 5
60 97 7
60 134 8
60 61 1
60 85 2
60 110 5
60 82 3
60 98 9
60 148 2
60 132 5
60 101 8
60 90 8
60 111 9
60 129 9
60 106 4
60 135 4
60 122 5
60 102 10
60 88 7
60 113 4
60 114 9
60 138 9
60 84 1
60 115 6
60 144 4
60 145 3
60 86 3
60 63 6
60 118 4
60 87 9
61 117 8
61 121 3
61 150 7
61 135 9
61 66 9
61 140 7
61 97 3
61 68 8
61 71 5
61 115 7
61 103 9
61 85 7
61 109 8
61 101 5
61 70 5
61 107 5
61 100 9
61 93 3
61 112 3
61 76 2
61 113 10
61 96 7
61 134 5
61 69 1
61 106 3
61 104 6
61 123 2
61 128 5
61 64 8
61 146 3
61 89 5
61 138 2
61 72 10
61 133 3
61 149 1
61 82 9
61 98 8
61 79 3
61 80 9
61 67 9
62 67 4
62 141 3
62 106 4
62 84 1
62 87 8
62 91 3
62 64 7
62 135 8
62 142 6
62 148 7
62 74 3
62 105 5
62 119 8
62 144 10
62 134 7
62 131 1
62 103 1
62 82 6
62 95 9
62 94 7
62 143 10
62 78 7
62 108 4
62 70 6
62 111 3
62 146 7
62 124 9
62 76 7
62 132 5
62 98 4
62 121 3
62 113 4
62 129 1
62 71 8
62 86 9
62 104 7
62 126 9
62 97 5
62 149 1
62 89 6
62 147 1
62 69 10
62 73 1
62 99 3
62 83 8
62 118 5
62 65 3
62 72 8
62 115 5
63 145 3
63 135 9
63 121 2
63 107 9
63 75 2
63 112 3
63 84 6
63 142 3
63 146 6
63 93 4
63 144 2
63 88 7
63 125 10
63 95 8
63 126 2
63 132 5
63 102 2
63 86 6
63 74 5
63 138 10
63 124 4
63 129 1
63 147 5
63 70 9
63 94 3
63 133 4
63 130 2
63 106 9
63 101 2
63 72 9
63 98 2
63 111 3
63 103 9
63 76 5
63 119 1
63 114 6
63 97 8
63 96 9
63 78 3
63 79 1
63 118 2
63 65 10
63 116 4
64 143 9
64 106 4
64 150 9
64 78 5
64 80 6
64 85 5
64 81 4
64 144 9
64 128 9
64 146 3
64 111 8
64 120 10
64 74 3
64 75 1
64 94 3
64 76 3
64 114 7
64 117 6
64 145 4
64 87 7
64 71 6
64 136 6
64 65 8
64 68 4
64 70 8
64 129 8
64 139 2
64 72 2
64 67 2
64 105 2
64 77 8
64 131 1
64 124 6
64 125 4
64 86 7
64 135 3
64 121 4
64 109 5
64 134 3
64 99 4
64 101 2
64 88 8
65 132 1
65 113 3
65 72 2
65 108 4
65 79 7
65 82 1
65 110 1
65 77 9
65 142 1
65 117 2
65 99 9
65 124 3
65 114 8
65 130 10
65 80 7
65 147 6
65 145 9
65 100 5
65 87 10
65 143 10
65 76 8
65 71 6
65 104 1
65 101 2
65 125 10
65 116 1
65 129 6
65 131 10
65 135 5
65 73 4
65 134 6
65 139 1
65 146 3
65 69 8
65 70 2
65 93 6
65 91 7
65 109 8
66 98 10
66 104 8
66 113 5
66 134 2
66 127 1
66 137 5
66 102 1
66 106 9
66 120 8
66 147 10
66 93 10
66 136 6
66 145 1
66 96 8
66 72 6
66 101 5
66 80 3
66 81 4
66 88 6
66 142 9
66 92 5
66 117 6
66 115 9
66 74 1
66 112 9
66 82 3
66 140 8
66 149 9
66 130 2
66 94 2
66 126 1
66 79 8
66 129 5
66 99 6
66 125 2
66 118 7
66 143 3
66 69 6
66 73 9
66 107 6
66 139 6
66 100 8
66 70 8
66 131 2
66 87 8
66 84 2
67 100 3
67 132 9
67 106 1
67 110 9
67 70 5
67 81 9
67 77 10
67 127 5
67 117 4
67 125 9
67 146 7
67 75 4
67 115 6
67 143 2
67 150 10
67 73 8
67 98 3
67 80 1
67 116 9
67 113 10
67 82 10
67 139 5
67 120 3
67 94 6
67 74 7
67 135 7
67 85 8
67 122 6
67 137 10
67 142 7
67 141 10
67 147 1
67 112 5
67 130 2
67 114 10
67 93 2
67 140 7
67 87 8
67 128 4
67 89 4
67 97 7
67 103 8
67 145 10
67 88 1
68 137 7
68 150 7
68 139 6
68 69 9
68 140 7
68 149 5
68 81 7
68 100 1
68 88 10
68 128 9
68 108 7
68 70 9
68 112 7
68 121 6
68 145 2
68 123 5
68 138 3
68 98 5
68 94 7
68 111 10
68 122 4
68 118 2
68 102 10
68 99 6
68 101 10
68 129 3
68 132 8
68 87 3
68 120 10
68 115 3
68 144 7
68 89 5
68 127 8
68 77 3
68 106 10
68 75 1
68 142 3
68 113 1
68 130 5
68 85 5
68 146 9
69 141 9
69 109 9
69 75 5
69 105 4
69 124 4
69 89 5
69 117 9
69 104 3
69 144 8
69 130 9
69 93 9
69 73 10
69 97 7
69 132 4
69 100 4
69 102 6
69 76 9
69 94 7
69 139 7
69 91 5
69 116 6
69 83 10
69 74 6
69 87 7
69 99 10
69 115 1
69 138 9
69 85 9
69 145 7
69 111 6
69 118 7
69 72 6
69 108 7
69 122 2
69 98 7
69 120 7
69 133 5
69 79 6
69 150 3
69 135 2
69 121 7
69 80 8
69 86 2
69 110 6
69 103 9
70 73 9
70 109 5
70 137 2
70 105 6
70 92 2
70 81 1
70 121 2
70 71 10
70 144 7
70 86 5
70 141 9
70 150 9
70 89 7
70 149 6
70 139 4
70 136 4
70 147 1
70 75 6
70 80 2
70 120 10
70 104 4
70 133 9
70 85 6
70 99 7
70 83 5
70 101 4
70 97 10
70 78 3
70 126 8
70 145 1
70 112 10
70 134 4
70 108 7
70 96 3
70 110 1
70 93 1
70 129 7
70 107 7
70 130 1
70 127 2
70 142 9
70 94 6
70 111 7
71 103 2
71 108 5
71 95 3
71 128 5
71 150 8
71 119 3
71 102 7
71 97 9
71 106 3
71 73 10
71 84 5
71 149 6
71 115 7
71 77 3
71 132 9
71 96 1
71 145 6
71 134 6
71 142 1
71 125 5
71 93 7
71 100 4
71 99 4
71 83 2
71 85 9
71 130 3
71 116 5
71 129 9
71 123 7
71 76 9
71 87 4
71 79 7
71 131 6
71 124 1
71 141 2
71 137 2
71 112 3
71 136 3
71 94 4
71 146 6
71 118 7
71 120 4
71 89 10
72 86 6
72 141 1
72 102 10
72 95 6
72 119 8
72 96 7
72 145 4
72 100 10
72 116 4
72 112 3
72 104 8
72 120 7
72 83 3
72 115 4
72 129 2
72 132 4
72 101 9
72 93 7
72 79 9
72 139 4
72 118 2
72 78 2
72 131 10
72 128 2
72 107 7
72 146 9
72 150 6
72 73 8
72 84 1
72 103 7
72 108 7
72 125 8
72 105 9
72 91 3
72 127 9
72 85 2
72 114 10
72 92 10
72 87 2
72 106 2
73 140 8
73 99 5
73 133 9
73 81 6
73 135 2
73 80 7
73 76 6
73 98 5
73 102 1
73 116 5
73 150 4
73 129 2
73 126 6
73 114 10
73 142 5
73 75 8
73 137 9
73 94 2
73 119 4
73 108 1
73 138 10
73 84 2
73 115 4
73 148 8
73 79 10
73 78 3
73 147 6
73 124 9
73 125 10
73 92 5
73 86 10
73 120 9
73 87 7
73 101 5
73 88 3
73 95 4
73 139 7
73 107 8
73 134 6
74 125 3
74 129 5
74 133 4
74 78 6
74 127 9
74 144 7
74 120 4
74 98 5
74 96 9
74 139 5
74 81 3
74 123 2
74 109 5
74 92 5
74 126 6
74 87 3
74 118 1
74 113 1
74 94 3
74 99 2
74 86 7
74 107 6
74 106 1
74 82 5
74 148 3
74 89 5
74 105 1
74 149 1
74 80 3
74 145 9
74 97 4
74 91 2
74 88 9
74 116 7
74 141 7
74 108 9
74 143 4
74 132 6
75 137 5
75 94 8
75 120 8
75 109 5
75 119 5
75 138 10
75 104 6
75 96 10
75 117 5
75 110 2
75 76 7
75 105 4
75 122 8
75 82 7
75 97 6
75 95 5
75 114 2
75 141 7
75 90 5
75 79 8
75 93 9
75 128 3
75 107 6
75 108 6
75 130 8
75 148 3
75 127 4
75 92 2
75 136 2
75 88 8
75 111 3
75 147 6
75 80 4
75 131 8
75 129 9
75 106 2
76 77 4
76 89 8
76 103 10
76 85 2
76 140 5
76 107 7
76 120 9
76 82 7
76 122 8
76 131 7
76 116 2
76 115 7
76 79 8
76 144 5
76 100 2
76 123 10
76 84 1
76 104 6
76 95 3
76 141 1
76 109 10
76 125 2
76 99 3
76 145 2
76 102 1
76 137 1
76 94 8
76 114 9
76 132 3
76 150 10
76 126 5
76 108 4
76 133 5
76 135 6
76 113 8
76 117 9
76 139 9
76 146 2
76 87 9
77 109 8
77 96 2
77 134 1
77 83 9
77 126 7
77 150 3
77 78 10
77 85 9
77 142 2
77 88 8
77 117 6
77 80 3
77 136 7
77 135 10
77 128 8
77 101 10
77 144 5
77 122 1
77 87 1
77 104 6
77 105 2
77 125 9
77 133 4
77 79 8
77 138 10
77 119 10
77 112 6
77 124 6
77 94 10
77 111 1
77 147 5
77 99 2
77 131 9
77 106 1
77 113 6
77 145 2
77 90 6
77 95 9
77 137 10
77 114 1
78 145 4
78 89 1
78 128 1
78 105 4
78 97 1
78 142 2
78 95 3
78 104 2
78 147 5
78 82 3
78 132 1
78 122 8
78 99 8
78 148 1
78 94 3
78 113 3
78 81 6
78 80 5
78 79 10
78 90 4
78 130 4
78 111 4
78 117 5
78 83 5
78 134 8
78 100 9
78 114 6
78 120 4
78 140 1
78 138 7
78 150 1
78 133 3
79 134 1
79 97 2
79 133 8
79 145 10
79 144 10
79 115 10
79 111 5
79 89 4
79 103 5
79 117 7
79 123 8
79 81 2
79 88 10
79 118 7
79 80 3
79 146 6
79 141 1
79 120 8
79 105 6
79 124 4
79 142 8
79 147 10
79 150 8
79 86 3
79 127 1
79 116 6
79 113 9
79 132 7
79 102 9
79 122 4
79 126 5
79 83 5
79 125 2
79 110 7
79 121 9
79 84 10
80 142 4
80 113 2
80 129 4
80 97 4
80 112 7
80 120 10
80 134 2
80 128 7
80 137 2
80 96 5
80 122 5
80 132 2
80 141 1
80 99 4
80 147 4
80 149 5
80 121 2
80 143 8
80 131 8
80 148 9
80 150 2
80 95 5
80 115 8
80 94 9
80 119 6
80 146 2
80 104 10
80 103 3
80 110 7
80 136 1
80 91 3
80 130 8
80 117 3
80 116 9
80 90 1
80 114 7
80 123 7
80 111 1
80 102 9
80 93 5
81 143 4
81 107 2
81 145 10
81 127 8
81 88 2
81 133 8
81 94 6
81 122 5
81 135 4
81 104 10
81 102 9
81 137 6
81 89 1
81 132 6
81 84 2
81 108 2
81 138 3
81 147 1
81 142 3
81 117 7
81 128 8
81 93 9
81 146 5
81 129 1
81 101 10
81 114 8
81 109 4
81 124 4
81 106 5
81 139 2
81 110 10
81 111 3
81 97 1
81 115 4
81 130 7
82 121 5
82 100 5
82 98 2
82 101 9
82 120 3
82 104 8
82 150 4
82 108 2
82 123 9
82 94 1
82 107 2
82 119 3
82 122 10
82 95 6
82 149 6
82 133 9
82 114 8
82 131 10
82 86 3
82 90 4
82 85 10
82 117 8
82 110 7
82 129 1
82 147 9
82 96 5
82 99 8
82 127 1
82 118 2
82 145 4
82 137 8
82 84 3
82 91 6
82 141 10
83 92 8
83 84 3
83 121 5
83 113 6
83 125 7
83 128 9
83 133 3
83 134 9
83 115 4
83 99 2
83 109 5
83 129 5
83 135 2
83 150 6
83 139 4
83 90 2
83 119 7
83 94 5
83 148 1
83 123 5
83 122 10
83 130 4
83 141 6
83 138 7
83 136 3
83 88 10
83 108 9
83 120 6
83 116 5
83 131 9
83 142 6
83 98 1
83 140 10
84 150 8
84 143 6
84 141 4
84 111 1
84 126 9
84 127 2
84 112 9
84 107 4
84 146 9
84 87 9
84 115 4
84 131 10
84 125 9
84 135 7
84 86 2
84 92 9
84 94 4
84 137 6
84 121 9
84 139 8
84 110 5
84 140 1
84 106 6
84 118 5
84 120 10
84 104 6
84 124 5
84 93 8
84 117 9
84 138 6
84 128 7
85 98 9
85 93 5
85 99 8
85 121 2
85 124 2
85 117 1
85 110 9
85 132 5
85 123 1
85 96 7
85 131 7
85 112 8
85 128 4
85 87 10
85 127 8
85 119 3
85 103 7
85 146 4
85 91 9
85 126 3
85 125 2
85 147 5
85 113 2
85 138 6
85 143 4
85 137 1
85 116 8
85 88 1
85 115 5
85 97 2
85 106 4
86 101 1
86 102 3
86 92 5
86 106 4
86 126 7
86 103 5
86 108 6
86 115 10
86 139 7
86 93 5
86 150 3
86 123 1
86 100 3
86 124 2
86 141 5
86 112 2
86 94 2
86 136 10
86 138 6
86 128 10
86 89 1
86 145 3
86 133 10
86 148 6
86 121 5
86 105 2
86 99 5
86 127 9
87 110 4
87 117 3
87 118 10
87 116 3
87 141 3
87 123 10
87 102 4
87 130 9
87 100 6
87 97 4
87 140 5
87 139 3
87 127 4
87 107 9
87 111 9
87 90 4
87 121 6
87 147 5
87 129 7
87 150 2
87 93 5
87 143 4
87 145 2
87 106 2
87 88 7
87 149 7
87 146 8
87 94 3
87 136 9
87 109 8
87 92 5
87 125 4
88 123 8
88 111 7
88 104 4
88 126 2
88 116 7
88 107 5
88 127 9
88 128 2
88 137 6
88 148 8
88 146 8
88 113 3
88 110 4
88 91 8
88 114 9
88 135 7
88 105 3
88 144 5
88 117 8
88 106 2
88 143 6
88 124 3
88 97 10
88 142 2
88 115 6
88 150 10
88 120 5
88 145 6
88 118 7
88 141 9
88 100 3
88 93 10
89 142 7
89 128 6
89 115 5
89 140 10
89 131 5
89 134 9
89 143 2
89 99 3
89 137 1
89 147 4
89 107 9
89 114 4
89 139 7
89 146 3
89 103 10
89 129 3
89 113 6
89 138 1
89 95 7
89 148 6
89 102 2
89 149 9
89 92 3
89 141 2
89 144 1
89 136 3
89 93 9
89 90 8
89 96 3
89 105 10
89 111 10
89 126 6
90 128 6
90 110 5
90 136 10
90 129 4
90 92 6
90 145 1
90 120 10
90 104 2
90 106 9
90 131 10
90 123 2
90 116 7
90 139 9
90 130 7
90 108 2
90 109 7
90 134 5
90 107 10
90 132 4
90 148 8
90 121 3
90 135 8
90 112 3
90 99 1
90 126 3
90 149 2
90 150 2
91 99 1
91 93 1
91 123 9
91 108 8
91 145 2
91 147 7
91 127 7
91 122 9
91 150 10
91 148 3
91 141 2
91 120 1
91 116 10
91 106 4
91 104 6
91 125 1
91 134 10
91 102 5
91 142 1
91 105 7
91 113 9
91 107 8
91 112 10
91 132 2
91 135 9
91 96 7
91 115 9
91 121 6
91 109 8
91 138 2
91 94 6
91 119 4
91 131 5
92 111 2
92 109 6
92 117 8
92 105 9
92 133 5
92 143 7
92 121 3
92 119 7
92 124 3
92 130 3
92 100 6
92 112 1
92 122 6
92 142 8
92 136 7
92 98 3
92 95 4
92 144 10
92 116 9
92 126 9
92 125 4
92 110 3
92 97 9
92 99 10
92 93 10
92 145 3
92 147 5
92 94 1
92 108 6
93 140 6
93 139 3
93 124 3
93 119 3
93 107 8
93 149 10
93 104 3
93 114 5
93 120 5
93 150 10
93 97 8
93 128 9
93 113 3
93 141 7
93 111 1
93 108 3
93 137 7
93 142 9
93 147 4
93 135 4
93 98 6
93 145 7
93 123 6
93 115 3
93 100 4
93 126 2
93 134 1
93 136 9
94 97 1
94 113 10
94 101 5
94 108 5
94 139 5
94 129 6
94 121 6
94 110 3
94 130 3
94 126 3
94 98 8
94 125 6
94 145 4
94 127 9
94 115 2
94 102 4
94 141 9
94 135 10
94 119 5
94 144 2
94 137 1
94 96 4
94 112 10
94 107 8
94 99 6
94 133 10
94 143 9
95 97 1
95 147 9
95 120 2
95 140 6
95 96 1
95 148 2
95 108 9
95 107 9
95 100 3
95 142 2
95 129 10
95 124 7
95 115 1
95 106 7
95 127 6
95 102 4
95 113 8
95 134 10
95 116 1
95 138 3
95 135 4
95 109 8
95 99 6
95 141 8
95 112 4
95 101 2
96 138 5
96 148 7
96 133 2
96 149 6
96 139 9
96 136 8
96 121 8
96 135 5
96 100 9
96 129 3
96 119 1
96 104 9
96 147 4
96 123 10
96 109 8
96 101 10
96 106 4
96 113 2
96 134 3
96 122 10
96 127 1
96 144 6
96 150 1
96 118 9
96 108 5
96 103 1
96 117 8
96 112 3
96 130 7
96 99 6
97 103 8
97 99 10
97 107 8
97 106 9
97 112 3
97 118 3
97 98 3
97 136 7
97 105 7
97 123 3
97 131 2
97 133 6
97 127 3
97 148 4
97 141 4
97 115 1
97 144 10
97 129 4
97 102 10
97 101 8
97 125 6
97 150 9
97 126 8
97 114 3
98 99 4
98 125 1
98 143 10
98 111 2
98 112 9
98 107 10
98 116 6
98 118 2
98 142 10
98 117 8
98 103 4
98 115 6
98 127 5
98 120 1
98 138 9
98 147 8
98 113 9
98 104 6
98 136 2
98 122 5
98 144 3
98 133 8
98 146 9
98 123 10
98 121 9
98 145 3
98 137 8
99 149 1
99 119 8
99 114 8
99 110 3
99 102 5
99 116 6
99 131 10
99 148 8
99 117 6
99 124 5
99 139 4
99 143 10
99 106 1
99 130 4
99 140 5
99 142 6
99 135 4
99 118 2
99 138 4
99 127 3
99 129 4
99 136 10
99 123 4
100 146 8
100 135 7
100 104 7
100 145 10
100 126 1
100 134 9
100 110 8
100 108 2
100 128 7
100 112 10
100 123 10
100 147 4
100 139 1
100 113 7
100 142 8
100 119 8
100 106 9
100 133 10
100 138 3
100 136 1
101 109 7
101 148 7
101 124 5
101 104 7
101 142 1
101 146 8
101 117 3
101 150 9
101 134 1
101 145 4
101 143 2
101 105 9
101 137 4
101 141 8
101 127 1
101 123 1
101 115 2
101 133 4
101 111 9
101 138 7
101 120 6
101 116 4
101 135 9
101 113 7
101 108 10
101 130 6
101 103 6
101 106 4
102 108 9
102 138 5
102 133 8
102 136 6
102 109 3
102 123 10
102 125 5
102 135 1
102 116 1
102 124 8
102 137 4
102 150 6
102 131 5
102 106 10
102 141 1
102 140 10
102 127 9
102 107 1
102 145 4
102 132 10
102 113 1
102 122 9
103 118 8
103 116 3
103 113 4
103 114 8
103 127 5
103 150 6
103 147 2
103 135 1
103 122 10
103 142 6
103 128 5
103 140 8
103 131 7
103 117 6
103 109 5
103 148 9
103 105 2
103 104 8
103 132 2
103 123 10
103 146 9
103 139 2
103 106 5
103 129 8
103 112 9
103 111 7
103 137 5
104 116 4
104 127 7
104 150 2
104 113 3
104 112 6
104 140 10
104 133 10
104 110 8
104 105 9
104 131 4
104 144 5
104 134 5
104 148 9
104 142 4
104 147 1
104 115 6
104 121 3
104 124 3
104 111 8
104 139 6
104 109 10
104 123 3
104 114 3
105 109 3
105 111 1
105 117 3
105 108 6
105 112 2
105 140 9
105 110 5
105 128 10
105 138 8
105 126 8
105 142 3
105 141 7
105 135 4
105 146 5
105 150 8
105 144 1
105 119 1
105 122 10
105 136 4
105 123 6
105 147 5
105 107 2
105 114 6
106 150 5
106 116 7
106 136 4
106 129 8
106 139 6
106 117 8
106 122 10
106 133 9
106 144 5
106 114 1
106 115 6
106 148 2
106 131 6
106 141 5
106 138 10
106 147 1
106 112 9
106 108 5
106 121 6
107 117 1
107 120 7
107 112 2
107 129 6
107 123 8
107 142 6
107 128 7
107 139 4
107 132 9
107 141 10
107 134 2
107 135 6
107 148 6
107 109 1
107 145 10
107 110 5
107 127 6
107 116 6
107 150 2
108 123 9
108 113 8
108 121 8
108 112 5
108 147 7
108 119 5
108 117 9
108 145 6
108 115 7
108 134 4
108 144 1
108 126 7
108 149 8
108 141 10
108 138 5
108 127 7
108 116 6
108 120 8
108 135 3
109 127 2
109 111 9
109 136 1
109 124 7
109 140 8
109 129 5
109 147 1
109 121 9
109 139 4
109 134 5
109 126 6
109 135 4
109 132 1
109 113 2
109 123 1
109 141 8
109 137 7
110 115 4
110 120 3
110 121 8
110 130 10
110 127 3
110 126 8
110 137 6
110 140 7
110 123 4
110 114 7
110 128 1
110 112 8
110 132 2
110 131 7
110 135 2
110 139 5
110 146 5
111 149 1
111 134 10
111 127 10
111 131 8
111 148 9
111 141 6
111 112 8
111 133 8
111 121 3
111 124 5
111 142 5
111 122 4
111 126 7
111 120 2
111 139 6
111 143 4
111 137 2
111 119 2
111 123 9
112 142 3
112 136 5
112 148 7
112 141 1
112 126 10
112 132 6
112 120 1
112 143 10
112 134 9
112 137 10
112 144 10
112 139 10
112 140 1
112 130 6
113 130 8
113 139 7
113 123 9
113 143 6
113 118 5
113 125 2
113 129 6
113 122 2
113 128 7
113 136 2
113 140 9
113 124 3
113 131 5
113 121 3
113 114 3
113 150 9
113 120 4
113 133 7
114 143 8
114 128 4
114 130 8
114 119 4
114 127 6
114 120 9
114 122 4
114 137 6
114 147 1
114 123 1
114 118 3
114 149 3
114 131 8
114 126 5
114 116 4
114 139 2
115 129 10
115 128 4
115 148 3
115 116 10
115 135 5
115 121 1
115 139 5
115 119 6
115 133 10
115 124 9
115 150 6
115 131 2
115 137 4
115 118 2
115 136 7
115 117 3
115 123 7
115 143 4
115 141 4
115 146 1
116 133 8
116 132 5
116 135 9
116 118 2
116 136 2
116 140 3
116 147 10
116 141 2
116 129 5
116 124 10
116 148 9
116 149 7
116 134 4
116 145 2
116 144 9
116 142 10
116 122 5
117 119 1
117 137 10
117 133 1
117 127 8
117 145 5
117 123 3
117 129 1
117 143 9
117 149 4
117 125 9
117 141 8
117 139 5
117 150 1
117 121 1
117 124 3
118 142 8
118 119 6
118 137 4
118 124 3
118 150 8
118 141 2
118 122 5
118 139 2
119 123 3
119 125 4
119 133 6
119 140 6
119 120 5
119 142 2
119 124 10
119 150 6
119 121 9
119 147 9
119 130 6
119 138 4
119 127 7
119 131 1
119 122 10
119 135 8
120 125 9
120 144 6
120 121 7
120 131 8
120 130 1
120 141 8
120 138 7
120 135 2
120 123 3
120 127 7
120 145 6
120 147 9
120 134 8
120 150 6
120 136 3
120 146 2
120 124 6
120 132 1
120 139 7
120 143 5
120 148 2
120 137 3
120 122 10
121 127 9
121 150 5
121 147 2
121 131 4
121 146 5
121 123 3
121 138 1
121 148 6
121 130 4
121 144 8
121 132 1
121 141 10
121 145 4
121 137 3
121 136 2
121 135 6
121 143 2
122 123 4
122 138 10
122 142 3
122 133 2
122 149 4
122 150 9
122 132 10
122 131 9
122 148 10
122 134 6
122 140 5
122 141 1
122 144 7
122 125 7
122 136 1
123 127 4
123 125 2
123 149 4
123 140 3
123 138 1
123 129 5
123 124 1
123 150 9
123 136 1
123 144 3
123 126 4
124 143 4
124 140 3
124 136 1
124 128 9
124 127 3
124 138 7
124 146 7
124 126 1
124 150 3
124 132 4
124 133 7
124 142 2
125 139 6
125 149 6
125 144 3
125 131 4
125 141 6
125 138 9
125 140 2
125 128 7
125 129 4
125 145 3
125 147 5
125 146 1
125 130 4
125 126 6
125 132 6
126 138 5
126 144 10
126 149 8
126 150 5
126 142 5
126 129 3
126 127 7
126 140 7
126 131 7
126 133 4
126 137 8
126 146 10
127 145 9
127 146 8
127 136 5
127 130 10
127 142 3
127 150 2
127 134 7
127 128 5
127 148 2
127 139 1
127 140 2
127 144 5
127 149 1
127 147 10
128 130 2
128 148 6
128 129 1
128 136 4
128 150 6
128 133 5
128 131 2
128 144 10
128 143 6
128 146 10
128 141 1
129 136 8
129 138 9
129 149 8
129 147 9
129 134 3
129 144 6
129 140 8
129 150 2
129 148 1
129 139 4
129 135 5
129 133 9
129 141 10
129 143 10
129 132 9
129 146 2
130 143 10
130 136 4
130 148 5
130 135 10
130 133 6
130 146 10
130 141 2
130 147 1
130 138 7
131 138 7
131 133 5
131 143 8
131 140 2
131 147 8
131 137 7
131 139 5
131 148 7
132 147 6
132 143 9
132 142 6
132 135 8
132 145 4
132 134 8
132 141 7
132 136 6
132 139 1
133 136 4
133 143 7
133 148 7
133 146 7
133 150 10
133 140 4
133 147 5
133 137 1
134 141 2
134 136 6
134 147 2
134 149 1
134 138 4
134 143 7
134 145 7
135 143 5
135 144 3
135 150 5
135 147 8
135 138 2
135 139 3
135 141 3
135 136 5
135 148 3
136 144 6
136 143 4
136 150 6
136 146 8
136 139 2
136 142 9
136 138 10
136 149 3
136 148 9
137 149 5
137 150 5
137 139 10
137 148 6
137 138 10
137 143 3
138 148 2
138 141 7
138 147 7
138 145 7
138 139 5
138 140 8
138 142 9
138 150 2
139 146 8
139 148 5
139 141 5
140 144 10
140 148 5
140 143 5
140 147 7
140 150 7
140 149 4
140 146 1
141 145 5
141 150 7
141 142 5
142 144 3
142 146 6
142 150 10
142 149 8
142 143 8
143 150 4
144 146 1
144 150 2
144 145 10
145 146 5
145 149 3
145 150 2
145 148 10
146 149 4
146 148 3
147 150 2
147 148 1
148 149 10
148 150 3
149 150 1
