150 10058 
1 77 6
1 146 4
1 57 1
1 52 2
1 133 8
1 39 8
1 122 7
1 130 7
1 100 9
1 102 6
1 2 1
1 17 10
1 41 7
1 49 10
1 21 3
1 109 4
1 143 8
1 91 9
1 58 3
1 37 5
1 110 10
1 50 3
1 63 5
1 80 8
1 15 3
1 145 6
1 19 7
1 119 4
1 23 5
1 99 1
1 42 6
1 76 4
1 62 1
1 139 4
1 98 4
1 74 2
1 123 3
1 127 6
1 149 1
1 140 7
1 141 10
1 34 1
1 78 8
1 147 6
1 79 1
1 51 8
1 18 7
1 131 2
1 108 5
1 73 9
1 36 3
1 48 8
1 14 10
1 53 3
1 97 9
1 101 10
1 16 7
1 84 1
1 4 7
1 6 1
1 35 4
1 83 5
1 105 9
1 89 2
1 44 3
1 128 9
1 13 8
1 31 2
1 82 1
1 54 9
1 12 4
1 129 4
1 25 9
1 65 5
1 86 8
1 47 9
1 38 8
1 67 2
1 132 6
1 87 7
1 55 8
1 27 9
1 106 6
1 112 8
1 138 3
1 72 1
1 85 7
1 134 6
1 28 4
1 148 1
1 24 3
1 22 6
1 59 8
1 68 3
1 71 9
1 124 5
1 107 1
1 104 7
1 8 8
1 30 10
1 111 6
1 26 2
1 69 3
1 3 7
1 95 7
1 118 7
1 137 7
1 60 6
1 120 7
1 103 1
1 126 10
1 9 10
1 64 2
1 75 8
1 121 2
1 70 5
1 40 1
1 66 10
1 33 3
1 11 10
1 113 5
1 136 4
1 93 10
1 46 8
1 96 5
1 32 9
1 150 4
1 5 7
1 7 4
1 88 2
1 142 2
1 116 1
1 144 4
1 114 7
1 81 9
1 43 6
2 91 10
2 119 8
2 22 8
2 8 10
2 139 3
2 135 8
2 92 10
2 43 2
2 109 5
2 68 3
2 14 3
2 24 4
2 127 5
2 107 6
2 128 1
2 123 1
2 81 10
2 141 7
2 102 8
2 70 6
2 71 9
2 58 8
2 80 7
2 45 3
2 7 10
2 6 7
2 121 9
2 131 4
2 140 9
2 21 10
2 88 4
2 59 3
2 53 8
2 124 3
2 136 6
2 112 1
2 36 10
2 41 3
2 111 8
2 18 8
2 125 3
2 61 10
2 5 7
2 3 10
2 44 6
2 148 1
2 87 1
2 30 8
2 67 3
2 147 10
2 20 8
2 42 6
2 38 1
2 54 9
2 48 7
2 9 10
2 28 1
2 145 10
2 72 8
2 129 1
2 52 9
2 74 9
2 86 1
2 149 6
2 142 10
2 100 9
2 25 2
2 78 4
2 40 4
2 63 2
2 122 7
2 108 7
2 19 8
2 83 1
2 23 2
2 26 9
2 51 5
2 47 9
2 116 8
2 27 9
2 29 6
2 50 9
2 35 1
2 104 3
2 146 10
2 55 6
2 98 8
2 15 4
2 16 3
2 132 2
2 113 9
2 150 1
2 110 8
2 90 10
2 39 10
2 95 6
2 13 9
2 33 4
2 97 6
2 64 7
2 103 7
2 93 10
2 65 6
2 105 7
2 138 6
2 130 6
2 57 3
2 66 7
2 73 9
2 12 7
2 96 4
2 49 5
2 62 9
2 120 3
2 79 1
2 133 10
2 56 6
2 115 9
2 99 9
2 84 8
2 77 2
2 126 2
2 34 3
2 144 10
2 101 3
2 118 10
2 76 3
2 37 7
2 85 5
2 143 1
2 32 2
2 114 5
2 46 9
2 75 1
3 135 5
3 46 7
3 62 10
3 59 6
3 111 1
3 95 9
3 8 3
3 127 3
3 28 9
3 140 9
3 96 1
3 93 9
3 53 1
3 75 8
3 121 9
3 64 5
3 146 1
3 38 7
3 34 1
3 24 4
3 19 5
3 41 4
3 69 2
3 47 7
3 100 9
3 33 5
3 27 1
3 54 6
3 108 1
3 65 10
3 7 2
3 36 6
3 123 4
3 128 5
3 133 10
3 44 9
3 12 1
3 13 1
3 107 10
3 120 4
3 136 4
3 83 1
3 42 4
3 91 3
3 104 1
3 74 4
3 114 9
3 112 8
3 14 9
3 45 10
3 4 6
3 56 6
3 106 7
3 99 10
3 97 6
3 52 9
3 72 10
3 102 3
3 37 2
3 124 6
3 68 6
3 132 7
3 70 6
3 73 1
3 143 5
3 92 8
3 87 1
3 82 9
3 101 10
3 35 10
3 6 10
3 126 6
3 15 9
3 142 6
3 40 2
3 137 10
3 39 7
3 81 8
3 90 2
3 122 9
3 26 6
3 76 9
3 17 5
3 32 6
3 66 4
3 22 5
3 51 6
3 141 9
3 16 3
3 89 4
3 50 7
3 116 1
3 145 7
3 9 8
3 147 4
3 21 6
3 77 9
3 94 4
3 63 3
3 84 4
3 79 6
3 103 5
3 119 6
3 60 1
3 125 10
3 139 1
3 49 10
3 25 4
3 48 7
3 85 8
3 30 9
3 61 6
3 131 3
3 43 7
3 148 6
3 80 2
3 57 7
3 71 9
3 115 1
3 117 7
3 113 3
3 129 10
3 109 2
3 11 10
3 149 6
3 150 7
3 118 5
3 144 6
3 88 3
3 10 8
3 98 6
3 20 1
4 145 3
4 5 2
4 13 7
4 100 4
4 99 10
4 55 5
4 122 9
4 106 3
4 91 1
4 75 6
4 74 9
4 31 9
4 61 4
4 72 2
4 42 6
4 136 9
4 149 3
4 64 4
4 93 10
4 105 2
4 128 4
4 94 3
4 98 5
4 87 7
4 139 4
4 131 1
4 70 3
4 69 3
4 35 10
4 43 1
4 76 6
4 113 10
4 8 5
4 142 1
4 126 9
4 116 3
4 79 1
4 88 1
4 102 7
4 81 2
4 104 6
4 57 8
4 16 8
4 38 6
4 144 4
4 132 8
4 37 8
4 146 2
4 78 4
4 101 2
4 32 9
4 18 9
4 71 7
4 19 1
4 90 2
4 133 4
4 28 6
4 51 2
4 97 4
4 120 8
4 140 10
4 141 4
4 41 6
4 12 6
4 115 2
4 103 4
4 127 8
4 52 8
4 53 7
4 84 5
4 58 1
4 17 5
4 77 2
4 29 4
4 112 8
4 85 3
4 117 2
4 121 4
4 114 10
4 20 8
4 14 5
4 24 6
4 138 9
4 123 1
4 134 4
4 21 6
4 96 8
4 36 4
4 40 3
4 148 6
4 118 2
4 89 5
4 46 2
4 86 2
4 67 3
4 44 6
4 147 5
4 108 5
4 11 2
4 109 8
4 111 10
4 39 7
4 119 3
4 27 10
4 30 8
4 83 5
4 73 8
4 26 3
4 68 5
4 92 2
4 25 2
4 135 3
4 60 3
4 95 4
4 15 4
4 129 7
4 33 10
4 143 4
4 62 8
4 47 1
4 124 2
4 63 4
4 34 3
4 150 5
4 45 7
4 59 10
4 54 10
4 137 5
5 134 5
5 125 3
5 49 10
5 69 3
5 7 7
5 57 9
5 131 3
5 107 4
5 65 8
5 54 1
5 102 5
5 132 4
5 20 5
5 139 3
5 79 7
5 8 2
5 83 3
5 121 3
5 114 6
5 71 4
5 100 10
5 15 10
5 11 3
5 94 3
5 92 1
5 36 7
5 41 7
5 61 5
5 137 10
5 13 9
5 145 2
5 47 8
5 25 6
5 23 8
5 86 2
5 135 7
5 143 6
5 12 9
5 28 7
5 118 2
5 126 1
5 138 4
5 80 10
5 64 9
5 22 3
5 38 4
5 31 2
5 148 3
5 108 5
5 75 6
5 63 2
5 24 4
5 70 8
5 110 3
5 40 9
5 32 9
5 130 10
5 89 1
5 10 2
5 52 9
5 133 5
5 26 4
5 73 7
5 128 2
5 104 2
5 90 1
5 91 8
5 46 2
5 29 10
5 149 5
5 85 8
5 96 10
5 112 10
5 103 8
5 115 10
5 150 9
5 84 3
5 146 10
5 55 8
5 119 3
5 136 2
5 122 9
5 66 1
5 123 2
5 82 9
5 58 6
5 21 10
5 6 3
5 74 2
5 141 5
5 87 8
5 62 10
5 18 7
5 51 8
5 53 6
5 106 7
5 44 5
5 17 9
5 68 3
5 48 10
5 56 6
5 72 4
5 19 6
5 37 9
5 50 6
5 97 7
5 33 5
5 43 9
5 27 9
5 35 5
5 45 7
5 67 2
5 77 5
5 101 6
5 99 8
5 34 7
5 127 1
5 109 8
5 59 7
5 144 5
5 120 10
5 81 2
5 105 5
5 113 2
5 78 7
5 30 7
5 14 8
5 124 7
5 93 9
5 116 1
5 9 3
6 145 7
6 95 6
6 127 2
6 119 7
6 83 5
6 67 2
6 29 7
6 52 8
6 51 8
6 107 7
6 78 6
6 142 1
6 23 6
6 149 10
6 132 4
6 86 2
6 120 2
6 113 10
6 43 10
6 45 6
6 106 10
6 139 5
6 118 10
6 133 5
6 144 7
6 77 3
6 88 5
6 97 7
6 140 6
6 56 8
6 10 5
6 24 5
6 115 10
6 64 8
6 49 5
6 58 1
6 134 5
6 17 6
6 121 5
6 15 7
6 135 6
6 125 9
6 99 5
6 42 2
6 44 4
6 48 3
6 124 4
6 30 4
6 129 10
6 110 2
6 36 10
6 90 1
6 73 1
6 98 4
6 26 1
6 112 9
6 128 4
6 13 2
6 108 2
6 117 2
6 62 5
6 147 5
6 96 8
6 61 4
6 116 3
6 20 8
6 150 5
6 66 3
6 136 1
6 39 5
6 74 3
6 122 3
6 57 7
6 41 8
6 89 10
6 63 6
6 126 6
6 60 8
6 25 1
6 54 7
6 85 3
6 141 1
6 71 6
6 21 2
6 94 6
6 87 1
6 138 9
6 12 5
6 69 5
6 55 7
6 76 7
6 84 4
6 114 8
6 38 8
6 47 8
6 137 8
6 123 4
6 70 3
6 131 5
6 130 5
6 92 10
6 28 3
6 16 3
6 100 9
6 148 1
6 82 5
6 9 2
6 81 5
6 143 5
6 111 1
6 7 5
6 146 3
6 109 7
6 31 3
6 40 8
6 68 3
6 34 5
6 72 8
6 103 3
6 19 10
6 93 3
6 35 10
6 37 4
6 104 8
6 27 3
6 102 9
6 91 8
6 14 1
6 80 10
6 101 6
7 96 2
7 83 1
7 103 10
7 35 1
7 37 5
7 105 10
7 148 6
7 17 10
7 81 5
7 67 3
7 75 9
7 128 9
7 114 2
7 120 2
7 77 6
7 23 4
7 73 8
7 10 4
7 72 1
7 52 5
7 19 6
7 138 5
7 145 7
7 61 3
7 79 3
7 111 6
7 93 9
7 59 1
7 112 3
7 133 2
7 74 6
7 135 5
7 45 8
7 94 4
7 87 4
7 21 3
7 113 4
7 132 10
7 13 5
7 141 1
7 140 5
7 34 7
7 30 4
7 55 4
7 48 5
7 40 8
7 118 2
7 27 9
7 38 9
7 90 2
7 99 7
7 56 4
7 80 7
7 89 3
7 58 7
7 139 7
7 9 10
7 143 10
7 126 8
7 122 1
7 150 10
7 117 6
7 91 7
7 125 8
7 32 9
7 100 9
7 22 5
7 11 8
7 70 6
7 110 4
7 49 7
7 127 6
7 8 8
7 24 2
7 51 1
7 25 5
7 136 3
7 134 8
7 62 8
7 68 6
7 76 2
7 129 9
7 95 4
7 36 3
7 92 1
7 106 9
7 15 4
7 88 6
7 142 5
7 147 5
7 39 7
7 12 1
7 18 5
7 71 6
7 64 10
7 144 10
7 82 2
7 121 4
7 107 8
7 28 1
7 119 1
7 97 6
7 66 8
7 43 8
7 33 4
7 63 10
7 101 4
7 146 4
7 57 9
7 98 8
7 60 8
7 84 10
7 109 8
7 86 8
7 29 7
7 137 2
7 78 6
7 46 10
7 123 10
7 69 4
7 14 6
7 108 1
7 20 5
7 124 5
7 42 8
7 53 7
7 131 2
7 50 2
7 26 7
8 77 8
8 136 9
8 91 4
8 35 5
8 44 10
8 26 8
8 121 9
8 27 1
8 60 9
8 138 5
8 102 7
8 143 1
8 72 6
8 112 7
8 54 9
8 50 3
8 45 10
8 104 10
8 97 3
8 88 5
8 149 6
8 30 1
8 59 1
8 89 8
8 24 4
8 76 1
8 123 1
8 134 9
8 96 6
8 119 8
8 93 1
8 23 10
8 40 6
8 115 1
8 94 10
8 125 6
8 14 10
8 114 5
8 142 7
8 144 3
8 132 6
8 38 2
8 139 3
8 118 2
8 78 3
8 57 8
8 103 10
8 86 5
8 113 3
8 32 9
8 18 1
8 29 8
8 110 1
8 148 9
8 70 4
8 75 9
8 81 7
8 12 2
8 92 8
8 116 3
8 34 9
8 83 4
8 21 2
8 140 6
8 87 2
8 19 9
8 68 4
8 16 9
8 56 6
8 20 3
8 101 1
8 145 6
8 67 8
8 62 9
8 120 3
8 39 3
8 146 10
8 147 4
8 10 3
8 52 1
8 117 5
8 11 3
8 61 7
8 13 6
8 141 10
8 71 5
8 126 5
8 124 10
8 130 8
8 48 9
8 108 9
8 64 7
8 63 2
8 25 5
8 65 3
8 55 5
8 15 3
8 137 5
8 150 3
8 107 2
8 53 10
8 73 8
8 100 4
8 122 4
8 127 7
8 28 7
8 66 1
8 111 1
8 85 9
8 74 5
8 128 6
8 47 7
8 133 2
8 22 10
8 135 6
8 37 2
8 46 4
8 42 3
8 41 9
8 95 2
8 84 10
8 58 9
8 69 10
8 51 2
8 36 7
8 49 8
8 79 6
8 99 5
8 31 3
8 98 2
9 126 2
9 30 3
9 76 7
9 17 5
9 13 5
9 101 7
9 53 9
9 138 9
9 134 7
9 145 5
9 51 3
9 79 10
9 32 8
9 15 7
9 132 6
9 89 7
9 20 7
9 94 1
9 40 7
9 121 4
9 78 1
9 87 2
9 113 5
9 43 2
9 41 2
9 24 8
9 137 6
9 136 9
9 96 7
9 63 9
9 56 5
9 38 7
9 100 10
9 110 4
9 125 1
9 91 4
9 115 1
9 131 10
9 144 4
9 50 1
9 95 1
9 102 10
9 36 9
9 52 10
9 75 3
9 71 10
9 139 9
9 11 2
9 142 1
9 149 8
9 84 5
9 143 2
9 106 8
9 133 3
9 65 6
9 23 9
9 69 2
9 47 7
9 105 2
9 92 5
9 45 1
9 16 6
9 135 4
9 97 10
9 62 6
9 29 7
9 130 9
9 37 4
9 141 8
9 54 3
9 90 1
9 49 9
9 82 6
9 140 8
9 112 2
9 119 5
9 124 8
9 22 1
9 35 5
9 31 4
9 93 2
9 34 9
9 114 2
9 147 1
9 107 5
9 117 4
9 10 6
9 21 6
9 122 8
9 127 7
9 99 10
9 85 5
9 109 10
9 72 4
9 70 5
9 28 7
9 80 6
9 44 8
9 64 1
9 148 7
9 58 5
9 57 3
9 14 6
9 42 9
9 60 8
9 74 1
9 88 5
9 68 3
9 81 3
9 59 5
9 103 7
9 83 8
9 39 3
9 66 2
9 98 2
9 129 9
9 26 8
9 46 7
9 12 4
9 33 7
9 128 4
9 55 4
9 19 10
9 116 2
9 150 3
9 108 6
10 16 8
10 33 7
10 81 9
10 20 5
10 97 6
10 134 6
10 66 1
10 18 10
10 138 1
10 136 3
10 95 5
10 14 1
10 110 2
10 92 3
10 145 7
10 149 8
10 88 5
10 54 10
10 13 4
10 41 6
10 61 3
10 23 5
10 60 9
10 147 6
10 140 10
10 137 8
10 90 10
10 82 8
10 37 8
10 135 1
10 47 1
10 139 6
10 126 2
10 59 4
10 120 3
10 35 6
10 115 6
10 74 6
10 129 4
10 78 10
10 56 3
10 94 9
10 19 6
10 98 3
10 130 9
10 58 6
10 32 6
10 11 7
10 12 10
10 45 10
10 87 10
10 99 6
10 63 7
10 21 1
10 111 6
10 44 5
10 144 1
10 68 3
10 116 9
10 91 10
10 131 8
10 55 6
10 103 2
10 117 6
10 38 6
10 70 5
10 114 5
10 119 8
10 79 1
10 107 1
10 132 10
10 28 6
10 77 8
10 104 3
10 121 3
10 52 3
10 22 6
10 112 3
10 85 1
10 34 4
10 106 5
10 122 5
10 51 7
10 71 5
10 142 9
10 69 4
10 30 7
10 89 4
10 57 7
10 48 4
10 102 7
10 80 5
10 105 9
10 17 3
10 65 6
10 100 1
10 31 7
10 141 7
10 64 1
10 75 6
10 109 7
10 62 6
10 27 4
10 26 1
10 40 5
10 128 10
10 113 2
10 39 7
10 146 6
10 133 2
10 93 1
10 53 6
10 108 8
10 67 8
10 29 10
10 118 10
10 36 6
10 125 10
10 25 3
10 123 1
10 49 3
10 42 8
11 61 3
11 150 4
11 87 8
11 89 1
11 90 4
11 21 8
11 45 6
11 114 9
11 102 5
11 34 1
11 146 6
11 135 3
11 132 3
11 67 6
11 85 6
11 121 10
11 113 9
11 54 7
11 122 9
11 32 1
11 137 4
11 29 2
11 26 7
11 71 10
11 125 5
11 96 9
11 13 2
11 94 10
11 115 7
11 81 10
11 59 6
11 141 5
11 136 1
11 106 2
11 27 1
11 104 9
11 117 10
11 78 6
11 33 2
11 118 1
11 50 3
11 35 4
11 55 3
11 20 9
11 126 7
11 88 4
11 42 8
11 131 6
11 84 9
11 98 1
11 30 10
11 95 7
11 39 5
11 17 8
11 99 2
11 40 7
11 129 4
11 149 6
11 43 4
11 124 4
11 49 2
11 111 8
11 12 9
11 109 10
11 24 3
11 14 1
11 74 10
11 38 3
11 101 10
11 68 5
11 97 9
11 53 3
11 91 10
11 82 6
11 128 1
11 120 7
11 86 10
11 83 6
11 133 5
11 143 1
11 79 2
11 18 3
11 44 6
11 147 4
11 144 9
11 62 4
11 138 3
11 107 4
11 48 6
11 110 7
11 69 2
11 36 8
11 105 2
11 100 10
11 77 2
11 51 2
11 130 4
11 116 2
11 63 6
11 22 3
11 28 1
11 60 2
11 23 6
11 75 5
11 92 8
11 103 10
11 66 5
11 142 2
11 123 2
11 73 1
11 58 1
11 64 6
11 65 5
11 31 3
11 80 8
11 41 1
11 119 3
11 112 3
11 15 10
11 56 2
11 108 1
11 46 10
11 47 2
11 76 5
11 134 2
11 37 7
11 57 1
12 145 5
12 110 4
12 102 1
12 133 1
12 53 2
12 36 10
12 130 7
12 114 8
12 149 5
12 57 7
12 89 10
12 117 2
12 65 3
12 52 6
12 143 3
12 13 8
12 125 4
12 135 8
12 112 8
12 82 4
12 132 3
12 38 10
12 96 6
12 95 6
12 64 2
12 29 4
12 97 2
12 134 10
12 91 9
12 33 5
12 146 7
12 70 4
12 74 6
12 100 5
12 90 7
12 123 1
12 51 5
12 83 7
12 15 9
12 17 5
12 55 3
12 126 8
12 25 3
12 128 3
12 39 10
12 24 9
12 67 5
12 129 5
12 108 3
12 138 9
12 61 5
12 19 2
12 28 3
12 68 6
12 136 8
12 62 2
12 32 1
12 144 4
12 75 9
12 42 7
12 60 2
12 72 3
12 79 5
12 106 7
12 46 3
12 98 1
12 18 3
12 115 6
12 21 6
12 54 2
12 93 10
12 139 8
12 78 8
12 80 7
12 58 2
12 43 9
12 47 2
12 124 9
12 76 5
12 63 7
12 94 3
12 27 3
12 142 3
12 22 6
12 50 7
12 77 5
12 26 4
12 49 7
12 120 5
12 87 8
12 37 10
12 71 6
12 31 9
12 73 2
12 35 9
12 104 7
12 56 9
12 16 2
12 116 1
12 23 5
12 122 7
12 86 6
12 66 2
12 127 6
12 105 10
12 140 10
12 34 8
12 141 4
12 88 9
12 69 3
12 131 9
12 147 8
12 111 1
12 85 8
12 30 2
12 48 4
12 103 5
12 14 4
12 137 4
12 109 7
12 107 9
12 81 10
12 99 2
12 59 8
13 100 5
13 77 8
13 38 4
13 89 10
13 132 8
13 49 7
13 123 10
13 70 9
13 81 3
13 94 9
13 69 1
13 18 10
13 34 7
13 67 2
13 45 4
13 21 9
13 29 7
13 144 10
13 76 4
13 149 5
13 68 3
13 124 2
13 128 5
13 15 7
13 27 6
13 110 1
13 129 3
13 64 9
13 85 10
13 92 6
13 119 8
13 141 4
13 91 7
13 126 5
13 60 7
13 134 2
13 73 7
13 25 10
13 130 1
13 32 9
13 62 7
13 65 3
13 75 4
13 107 9
13 108 6
13 122 9
13 96 2
13 116 5
13 120 7
13 104 3
13 111 3
13 118 1
13 17 8
13 31 1
13 51 6
13 112 5
13 22 1
13 83 6
13 44 10
13 37 8
13 59 3
13 30 10
13 19 10
13 125 4
13 145 8
13 35 4
13 84 6
13 26 7
13 121 2
13 143 4
13 79 1
13 150 9
13 117 6
13 95 2
13 105 3
13 14 9
13 55 1
13 66 10
13 20 3
13 99 1
13 137 8
13 16 7
13 58 9
13 82 9
13 138 3
13 52 9
13 139 8
13 114 8
13 54 10
13 102 6
13 87 5
13 71 9
13 78 1
13 133 1
13 113 7
13 39 7
13 148 3
13 131 3
13 46 1
13 142 5
13 48 7
13 80 5
13 43 6
13 90 1
13 63 7
13 41 3
13 103 4
13 56 6
13 72 3
13 33 10
13 135 1
13 97 4
13 93 2
13 98 10
13 36 7
13 88 1
13 57 7
13 23 7
13 140 5
13 127 4
13 115 8
14 58 7
14 111 1
14 22 3
14 54 1
14 86 8
14 128 10
14 133 7
14 90 5
14 126 9
14 28 6
14 27 3
14 46 9
14 150 7
14 129 3
14 132 6
14 80 5
14 55 9
14 82 2
14 95 3
14 142 4
14 107 4
14 16 8
14 134 5
14 148 5
14 24 8
14 15 5
14 140 10
14 30 2
14 109 4
14 110 10
14 113 10
14 49 8
14 130 5
14 93 2
14 71 10
14 73 5
14 124 1
14 79 3
14 39 2
14 89 7
14 40 8
14 35 10
14 91 9
14 146 9
14 78 7
14 19 7
14 81 2
14 26 5
14 21 1
14 147 1
14 121 5
14 67 4
14 18 1
14 66 3
14 44 3
14 76 6
14 31 7
14 118 2
14 77 8
14 20 9
14 45 6
14 64 7
14 139 4
14 119 5
14 36 7
14 108 5
14 145 3
14 87 2
14 50 3
14 37 8
14 105 1
14 75 6
14 84 5
14 98 9
14 92 3
14 57 4
14 59 3
14 103 2
14 41 4
14 65 2
14 88 5
14 135 2
14 94 4
14 122 8
14 74 5
14 112 1
14 99 10
14 116 3
14 97 10
14 25 3
14 125 10
14 101 6
14 29 3
14 61 1
14 104 7
14 127 2
14 34 5
14 123 9
14 47 8
14 83 7
14 38 3
14 102 8
14 70 9
14 60 6
14 72 1
14 62 9
14 56 7
14 68 5
14 100 1
14 143 4
14 42 7
14 63 3
14 33 5
14 120 6
14 69 4
14 117 4
14 106 9
14 23 2
14 53 9
14 131 7
14 43 6
14 51 9
15 82 2
15 26 1
15 121 5
15 19 3
15 115 7
15 148 4
15 84 1
15 16 5
15 149 6
15 111 7
15 34 1
15 20 8
15 130 10
15 113 3
15 147 6
15 95 1
15 116 6
15 85 3
15 40 7
15 72 3
15 144 7
15 73 9
15 30 8
15 51 8
15 135 5
15 114 6
15 107 6
15 63 1
15 25 8
15 125 2
15 57 2
15 29 4
15 118 1
15 18 9
15 36 2
15 89 4
15 145 7
15 47 1
15 139 2
15 142 10
15 61 1
15 112 10
15 37 5
15 70 3
15 127 1
15 80 8
15 143 4
15 77 3
15 46 2
15 88 8
15 99 6
15 110 7
15 27 3
15 83 4
15 23 8
15 81 5
15 103 7
15 78 3
15 54 5
15 75 6
15 66 10
15 32 1
15 126 8
15 38 8
15 92 5
15 79 2
15 35 10
15 138 5
15 74 3
15 71 8
15 76 3
15 140 2
15 42 1
15 132 2
15 43 7
15 105 3
15 41 5
15 141 8
15 31 5
15 21 1
15 104 6
15 45 5
15 52 7
15 131 1
15 60 8
15 129 10
15 106 4
15 59 10
15 17 10
15 100 8
15 87 6
15 44 9
15 98 2
15 56 6
15 146 1
15 120 5
15 128 10
15 62 9
15 94 5
15 68 9
15 86 2
15 22 1
15 137 2
15 69 3
15 123 9
15 124 10
15 28 5
15 50 6
15 90 5
15 133 1
15 150 9
15 65 10
15 97 8
15 93 5
15 67 7
15 48 7
15 58 10
15 33 5
15 64 8
15 122 7
15 108 9
15 96 5
15 134 7
15 39 1
15 109 7
16 104 4
16 36 10
16 131 10
16 23 8
16 65 5
16 32 1
16 67 6
16 55 1
16 137 9
16 73 9
16 142 5
16 132 6
16 78 5
16 46 10
16 141 3
16 43 6
16 118 6
16 139 8
16 105 7
16 44 2
16 62 8
16 147 8
16 35 4
16 83 5
16 99 3
16 129 8
16 126 1
16 84 10
16 31 7
16 41 8
16 145 1
16 120 8
16 17 7
16 75 3
16 87 2
16 26 10
16 94 3
16 20 10
16 54 6
16 125 5
16 48 7
16 112 3
16 122 2
16 101 7
16 66 7
16 30 10
16 111 9
16 53 2
16 98 7
16 39 6
16 123 10
16 27 10
16 28 9
16 82 10
16 70 10
16 50 2
16 56 6
16 51 9
16 109 8
16 64 1
16 25 3
16 150 5
16 114 3
16 29 1
16 24 7
16 22 10
16 58 9
16 135 6
16 149 3
16 86 8
16 92 2
16 108 6
16 72 8
16 63 9
16 49 8
16 33 3
16 148 1
16 134 1
16 95 9
16 69 2
16 18 9
16 34 1
16 119 8
16 96 6
16 93 2
16 110 8
16 45 9
16 136 9
16 138 3
16 71 4
16 77 6
16 102 8
16 90 6
16 107 4
16 121 5
16 68 9
16 52 9
16 100 7
16 61 3
16 79 6
16 124 8
16 37 2
16 88 7
16 146 10
16 59 10
16 106 9
16 115 1
16 57 10
16 74 7
16 19 4
16 128 10
16 97 7
16 21 9
16 144 9
16 76 3
16 60 4
16 127 5
16 38 1
17 34 1
17 146 3
17 40 6
17 86 9
17 45 1
17 133 3
17 132 5
17 58 6
17 109 6
17 130 1
17 150 1
17 32 1
17 37 10
17 76 1
17 126 1
17 42 10
17 96 2
17 121 8
17 119 10
17 79 10
17 122 7
17 128 6
17 63 1
17 23 3
17 75 1
17 49 3
17 65 5
17 83 9
17 78 6
17 69 1
17 124 2
17 71 5
17 145 1
17 148 8
17 30 9
17 88 6
17 87 4
17 56 1
17 27 1
17 115 10
17 135 1
17 33 10
17 36 2
17 72 9
17 51 10
17 21 5
17 91 6
17 48 7
17 64 9
17 59 9
17 73 10
17 35 8
17 136 3
17 118 6
17 116 4
17 18 10
17 70 8
17 98 2
17 149 8
17 104 1
17 68 8
17 106 4
17 28 2
17 62 8
17 29 7
17 137 1
17 108 4
17 82 9
17 113 5
17 125 8
17 60 6
17 26 10
17 90 9
17 80 9
17 93 1
17 39 8
17 67 2
17 144 5
17 105 6
17 111 10
17 22 6
17 25 5
17 101 10
17 55 9
17 100 6
17 114 2
17 123 5
17 46 9
17 38 3
17 84 1
17 127 6
17 61 10
17 77 5
17 147 4
17 89 3
17 20 1
17 94 10
17 129 10
17 143 10
17 53 10
17 97 5
17 24 7
17 142 6
17 103 10
17 131 8
17 134 9
17 138 10
17 47 6
17 112 4
17 74 3
17 141 10
17 120 2
17 41 6
17 117 9
17 107 7
17 99 2
17 85 6
17 95 7
17 102 7
17 52 6
17 19 10
17 92 9
17 66 7
17 81 4
18 26 6
18 19 9
18 136 6
18 106 10
18 125 5
18 46 10
18 121 5
18 120 5
18 79 6
18 69 2
18 62 1
18 143 5
18 74 5
18 20 10
18 78 3
18 103 7
18 92 7
18 39 6
18 128 10
18 68 2
18 72 2
18 132 6
18 135 3
18 84 10
18 60 1
18 52 6
18 123 3
18 146 10
18 54 5
18 38 10
18 95 4
18 29 6
18 30 10
18 42 5
18 107 10
18 109 10
18 47 9
18 63 1
18 93 5
18 36 8
18 127 9
18 101 10
18 37 1
18 100 9
18 45 6
18 22 5
18 24 8
18 129 10
18 144 1
18 111 9
18 98 10
18 122 7
18 77 2
18 94 6
18 64 10
18 145 2
18 61 10
18 82 9
18 102 10
18 91 9
18 33 7
18 90 5
18 55 3
18 83 5
18 139 3
18 28 1
18 75 2
18 58 6
18 97 4
18 31 3
18 126 3
18 147 5
18 134 5
18 85 9
18 50 5
18 131 2
18 73 8
18 99 10
18 51 3
18 148 5
18 88 10
18 112 8
18 150 9
18 104 5
18 25 4
18 118 9
18 66 1
18 32 2
18 141 10
18 71 1
18 115 4
18 34 10
18 53 7
18 124 1
18 41 3
18 23 8
18 40 9
18 70 5
18 113 7
18 87 3
18 59 9
18 116 4
18 133 4
18 65 4
18 142 1
18 35 4
18 21 3
18 89 9
18 81 4
18 137 7
18 130 10
18 105 7
18 67 3
18 27 8
18 86 6
18 96 9
18 76 6
18 140 6
18 56 3
18 119 2
19 64 10
19 137 5
19 23 3
19 101 2
19 94 5
19 117 3
19 119 7
19 135 6
19 81 7
19 83 7
19 48 5
19 29 2
19 121 1
19 70 4
19 120 3
19 144 2
19 143 7
19 93 3
19 102 4
19 115 7
19 104 8
19 59 8
19 60 1
19 114 10
19 128 10
19 134 6
19 27 4
19 54 1
19 140 7
19 113 9
19 78 4
19 38 10
19 136 1
19 118 10
19 87 5
19 77 6
19 20 8
19 123 7
19 49 7
19 28 9
19 132 6
19 63 1
19 73 8
19 148 9
19 42 9
19 98 1
19 52 8
19 34 10
19 75 8
19 39 3
19 133 8
19 149 5
19 106 6
19 69 9
19 84 3
19 103 8
19 91 5
19 131 8
19 76 9
19 65 4
19 41 7
19 56 8
19 145 8
19 62 1
19 127 9
19 125 3
19 51 2
19 150 6
19 55 9
19 66 8
19 142 10
19 129 2
19 32 1
19 72 4
19 74 2
19 116 2
19 110 9
19 107 3
19 44 8
19 37 1
19 79 1
19 31 4
19 30 4
19 21 2
19 139 7
19 85 8
19 92 6
19 90 3
19 40 7
19 111 2
19 33 9
19 122 8
19 82 3
19 100 9
19 112 7
19 57 7
19 58 3
19 53 10
19 99 9
19 97 7
19 35 10
19 22 5
19 96 4
19 45 8
19 141 7
19 71 3
19 80 4
19 43 8
19 47 2
19 147 5
19 24 5
19 67 7
19 68 2
19 46 2
19 50 8
19 126 9
19 89 3
19 95 7
19 124 1
19 25 10
19 109 7
19 61 7
19 88 9
20 82 1
20 77 2
20 90 2
20 56 7
20 150 1
20 30 7
20 100 4
20 104 2
20 116 9
20 63 6
20 44 9
20 48 4
20 27 7
20 105 7
20 26 8
20 110 5
20 146 7
20 142 9
20 149 8
20 71 7
20 97 8
20 87 5
20 35 9
20 133 3
20 45 8
20 70 6
20 129 7
20 49 4
20 109 8
20 124 4
20 41 8
20 21 9
20 130 7
20 84 10
20 131 2
20 53 10
20 43 10
20 80 8
20 120 1
20 29 9
20 73 1
20 81 10
20 33 9
20 72 7
20 66 10
20 42 8
20 143 1
20 68 4
20 107 6
20 111 2
20 28 9
20 114 2
20 46 4
20 95 7
20 79 2
20 127 9
20 64 2
20 74 4
20 32 1
20 119 7
20 76 6
20 37 6
20 55 4
20 147 8
20 86 2
20 98 4
20 148 7
20 96 1
20 94 3
20 93 3
20 99 8
20 118 6
20 92 10
20 102 7
20 139 10
20 145 2
20 134 10
20 140 6
20 91 5
20 40 1
20 58 2
20 83 5
20 88 8
20 22 7
20 132 4
20 123 9
20 115 8
20 23 1
20 67 3
20 106 5
20 89 9
20 65 8
20 52 2
20 34 6
20 78 8
20 101 9
20 36 8
20 62 2
20 112 6
20 135 5
20 128 4
20 144 2
20 75 9
20 54 6
20 122 5
20 50 3
20 137 5
20 60 10
21 62 9
21 132 8
21 68 2
21 30 5
21 106 6
21 86 8
21 91 10
21 56 3
21 52 7
21 101 6
21 23 2
21 124 1
21 74 3
21 140 6
21 100 10
21 83 4
21 65 3
21 125 8
21 88 6
21 118 9
21 29 1
21 114 7
21 78 8
21 97 4
21 61 3
21 77 2
21 144 5
21 138 2
21 112 2
21 57 5
21 116 9
21 26 9
21 28 6
21 73 7
21 38 8
21 46 2
21 85 7
21 75 8
21 107 9
21 123 4
21 135 8
21 59 7
21 40 9
21 76 2
21 58 5
21 41 4
21 39 3
21 35 7
21 49 2
21 145 2
21 142 7
21 126 9
21 120 2
21 129 4
21 45 9
21 149 4
21 109 4
21 117 10
21 90 4
21 64 2
21 80 9
21 60 2
21 102 8
21 147 7
21 51 7
21 150 10
21 69 9
21 95 7
21 146 8
21 133 3
21 103 3
21 22 8
21 54 1
21 31 6
21 108 6
21 104 7
21 143 4
21 111 5
21 32 8
21 93 2
21 63 8
21 42 7
21 33 6
21 94 5
21 50 9
21 141 4
21 27 8
21 84 6
21 139 2
21 127 6
21 119 2
21 47 1
21 128 3
21 70 10
21 121 3
21 66 8
21 130 3
21 96 2
21 113 2
21 71 5
21 48 2
21 36 4
21 99 5
21 131 10
21 122 5
21 105 9
21 98 7
21 134 6
21 137 5
21 81 4
21 55 2
21 110 1
22 111 6
22 94 1
22 63 9
22 61 5
22 145 4
22 70 10
22 28 2
22 74 9
22 114 3
22 52 8
22 77 1
22 126 1
22 50 3
22 91 10
22 137 1
22 112 3
22 138 6
22 110 5
22 96 1
22 66 6
22 69 7
22 58 5
22 107 3
22 62 6
22 53 4
22 72 6
22 95 3
22 46 9
22 49 10
22 65 10
22 132 1
22 89 3
22 31 1
22 136 6
22 26 5
22 36 5
22 84 8
22 38 7
22 51 1
22 125 6
22 82 6
22 37 2
22 108 7
22 59 9
22 131 7
22 124 4
22 93 10
22 144 1
22 71 2
22 115 9
22 139 1
22 42 1
22 35 5
22 25 9
22 117 4
22 97 10
22 133 6
22 119 5
22 142 5
22 67 9
22 88 1
22 134 5
22 101 8
22 56 8
22 116 5
22 24 9
22 33 7
22 44 2
22 120 6
22 109 2
22 23 9
22 60 5
22 143 6
22 105 5
22 79 10
22 64 10
22 54 1
22 75 5
22 45 3
22 135 9
22 118 8
22 47 6
22 104 7
22 130 10
22 68 4
22 113 5
22 78 9
22 40 3
22 122 6
22 129 9
22 39 6
22 41 7
22 100 3
22 92 8
22 102 9
22 103 7
22 148 8
22 80 5
22 140 5
22 34 8
22 150 5
22 121 7
22 99 4
22 57 6
22 123 9
22 30 6
22 43 3
22 76 1
22 106 5
22 83 7
22 27 5
22 98 9
22 146 1
22 141 7
22 128 10
22 48 2
22 86 3
22 29 4
22 55 6
22 147 10
22 73 3
23 86 3
23 127 3
23 84 10
23 39 10
23 117 4
23 62 8
23 25 1
23 148 8
23 71 2
23 89 10
23 72 9
23 109 4
23 64 1
23 101 7
23 114 4
23 65 10
23 58 4
23 50 10
23 40 4
23 112 9
23 47 3
23 150 2
23 88 1
23 100 9
23 82 4
23 130 7
23 111 3
23 125 1
23 126 4
23 81 5
23 48 4
23 123 8
23 43 7
23 61 1
23 122 1
23 54 2
23 32 3
23 136 1
23 94 3
23 129 7
23 104 2
23 92 1
23 103 1
23 143 5
23 113 7
23 31 10
23 26 4
23 52 9
23 116 1
23 83 9
23 63 9
23 37 6
23 132 4
23 33 3
23 99 5
23 106 8
23 95 7
23 70 6
23 41 3
23 118 4
23 135 10
23 110 2
23 137 3
23 59 4
23 38 1
23 24 9
23 80 1
23 55 4
23 128 9
23 74 7
23 75 7
23 30 10
23 91 8
23 79 7
23 78 5
23 29 5
23 57 4
23 56 7
23 46 4
23 138 3
23 142 2
23 134 5
23 96 10
23 66 2
23 68 3
23 36 10
23 119 6
23 140 7
23 67 8
23 108 1
23 102 2
23 121 6
23 120 9
23 73 6
23 27 4
23 51 3
23 87 1
23 146 6
23 85 5
23 28 9
23 42 7
23 93 3
23 49 6
23 97 2
23 69 6
23 44 9
23 139 2
23 77 3
23 131 1
23 141 5
23 34 3
23 149 1
23 98 2
23 35 1
23 147 9
23 53 6
23 45 4
23 144 6
24 76 5
24 103 3
24 148 10
24 70 7
24 104 10
24 37 4
24 72 4
24 89 7
24 34 8
24 50 6
24 63 10
24 87 6
24 150 5
24 134 6
24 100 1
24 39 8
24 51 1
24 98 3
24 60 9
24 118 1
24 147 3
24 137 9
24 43 7
24 83 8
24 59 10
24 130 9
24 116 8
24 58 3
24 53 3
24 101 6
24 65 4
24 54 9
24 45 3
24 33 3
24 126 6
24 52 10
24 75 9
24 44 9
24 32 7
24 145 5
24 106 3
24 64 8
24 74 5
24 149 8
24 30 8
24 140 3
24 112 2
24 68 9
24 92 8
24 42 8
24 93 2
24 113 8
24 97 4
24 143 10
24 84 5
24 123 3
24 66 2
24 47 2
24 35 10
24 144 9
24 86 2
24 124 6
24 109 3
24 125 8
24 46 3
24 139 3
24 25 6
24 108 10
24 41 1
24 69 9
24 81 9
24 94 4
24 129 5
24 26 2
24 48 8
24 138 9
24 78 7
24 146 3
24 27 10
24 73 3
24 99 10
24 56 9
24 55 8
24 128 10
24 127 1
24 111 9
24 135 3
24 95 9
24 40 2
24 117 8
24 62 1
24 38 6
24 79 4
24 121 1
24 132 8
24 49 6
24 122 9
24 96 8
24 107 4
24 80 3
24 36 3
24 29 3
24 131 7
24 120 6
24 119 8
24 133 10
24 110 6
24 102 4
24 88 10
24 61 9
24 105 10
24 115 9
24 141 6
25 128 10
25 89 7
25 40 1
25 96 2
25 85 1
25 73 1
25 117 3
25 111 5
25 144 4
25 137 6
25 32 1
25 54 1
25 119 1
25 46 1
25 140 9
25 93 8
25 75 4
25 92 7
25 67 1
25 145 9
25 74 7
25 132 2
25 116 2
25 97 5
25 66 9
25 87 3
25 131 10
25 148 3
25 77 1
25 142 8
25 101 1
25 123 9
25 118 1
25 27 3
25 95 9
25 103 9
25 126 9
25 138 2
25 98 5
25 68 3
25 48 3
25 129 3
25 147 5
25 106 3
25 61 2
25 70 10
25 45 7
25 84 3
25 143 8
25 78 8
25 121 4
25 86 2
25 41 8
25 90 7
25 146 9
25 50 3
25 130 10
25 65 3
25 71 8
25 76 8
25 112 2
25 141 10
25 83 6
25 120 2
25 125 4
25 135 6
25 139 3
25 52 3
25 102 2
25 59 7
25 107 9
25 133 5
25 114 5
25 53 7
25 56 7
25 134 6
25 124 1
25 122 3
25 115 6
25 80 8
25 94 6
25 64 9
25 30 5
25 43 2
25 49 8
25 31 4
25 99 8
25 109 3
25 110 3
25 38 6
25 44 7
25 79 9
25 36 10
25 136 1
25 35 10
25 72 8
25 62 1
25 47 3
25 39 3
25 82 10
25 69 2
25 29 10
25 91 8
25 26 2
25 105 6
25 28 8
25 88 5
25 149 3
25 108 6
25 34 7
25 100 1
25 58 2
25 42 8
25 113 5
25 150 4
25 63 1
25 104 5
26 85 1
26 43 9
26 71 4
26 91 8
26 44 4
26 127 6
26 27 2
26 100 2
26 106 1
26 53 1
26 50 10
26 88 7
26 35 5
26 45 8
26 46 6
26 99 10
26 102 3
26 124 1
26 139 9
26 77 6
26 95 2
26 80 3
26 130 10
26 131 4
26 49 6
26 29 2
26 121 9
26 133 9
26 63 8
26 75 6
26 51 1
26 40 6
26 69 7
26 132 5
26 70 6
26 86 1
26 61 1
26 140 9
26 126 4
26 58 2
26 94 4
26 37 6
26 82 8
26 59 7
26 64 5
26 105 8
26 146 6
26 47 8
26 42 7
26 93 5
26 74 10
26 116 8
26 30 2
26 32 7
26 128 8
26 125 8
26 118 9
26 108 1
26 36 4
26 79 10
26 39 3
26 148 6
26 138 9
26 98 3
26 143 8
26 149 2
26 111 10
26 83 2
26 76 1
26 48 4
26 68 1
26 33 10
26 113 5
26 110 6
26 62 7
26 135 8
26 41 1
26 137 5
26 141 8
26 119 4
26 66 9
26 38 2
26 84 3
26 122 5
26 90 4
26 134 5
26 34 4
26 81 9
26 120 2
26 123 7
26 109 8
26 56 4
26 72 8
26 60 3
26 114 10
26 97 4
26 54 7
26 65 2
26 55 7
26 112 5
26 107 7
26 103 3
26 150 3
26 87 6
26 78 2
26 57 2
26 89 3
26 101 9
26 96 8
26 144 8
26 52 1
26 28 5
26 145 9
26 117 9
26 31 7
26 92 6
26 147 7
27 134 3
27 35 5
27 94 7
27 92 9
27 63 2
27 57 9
27 74 9
27 131 10
27 119 2
27 71 4
27 109 10
27 102 4
27 76 9
27 38 4
27 78 4
27 83 8
27 77 9
27 51 8
27 113 3
27 144 1
27 89 6
27 104 2
27 133 6
27 70 8
27 86 7
27 135 9
27 150 10
27 73 2
27 90 7
27 145 2
27 85 1
27 97 3
27 114 8
27 116 5
27 75 4
27 47 3
27 148 3
27 32 9
27 129 8
27 98 5
27 36 8
27 54 10
27 128 8
27 121 10
27 105 6
27 95 2
27 65 3
27 64 2
27 34 9
27 127 4
27 28 10
27 49 8
27 138 4
27 110 8
27 87 7
27 58 7
27 88 1
27 84 6
27 61 6
27 147 2
27 123 5
27 125 5
27 139 10
27 69 9
27 118 6
27 120 5
27 100 3
27 130 3
27 149 8
27 96 6
27 44 6
27 48 5
27 43 1
27 101 2
27 33 10
27 91 2
27 136 2
27 30 9
27 52 1
27 132 7
27 117 3
27 40 2
27 80 4
27 124 9
27 79 5
27 106 3
27 93 1
27 142 4
27 41 7
27 68 4
27 59 10
27 53 6
27 112 1
27 45 3
27 81 6
27 137 4
27 126 4
27 29 2
27 67 10
27 62 7
27 50 4
27 60 2
27 37 3
27 31 8
28 86 10
28 149 8
28 135 2
28 57 4
28 141 2
28 43 10
28 111 9
28 62 2
28 115 4
28 145 2
28 64 7
28 144 6
28 29 9
28 75 4
28 65 8
28 31 5
28 52 7
28 46 5
28 33 9
28 104 10
28 39 9
28 72 10
28 133 8
28 44 10
28 136 5
28 34 1
28 102 7
28 88 1
28 114 5
28 120 8
28 48 7
28 122 8
28 109 1
28 80 5
28 95 6
28 61 8
28 143 7
28 107 5
28 67 2
28 93 2
28 123 9
28 105 9
28 79 5
28 36 8
28 45 4
28 137 9
28 118 6
28 32 5
28 60 8
28 63 7
28 138 8
28 132 10
28 134 8
28 51 9
28 148 2
28 99 7
28 103 7
28 131 2
28 101 9
28 73 1
28 70 5
28 68 10
28 106 4
28 139 1
28 49 9
28 127 7
28 110 2
28 53 2
28 41 10
28 96 8
28 124 7
28 76 10
28 126 3
28 112 2
28 116 10
28 56 5
28 81 3
28 38 5
28 146 7
28 77 2
28 92 10
28 89 1
28 54 6
28 147 2
28 98 4
28 140 8
28 69 9
28 83 4
28 47 2
28 130 1
28 121 5
28 119 8
28 125 5
28 94 9
28 42 7
28 117 6
28 90 1
28 40 8
28 58 8
28 71 10
28 91 5
28 78 6
28 50 3
28 84 10
28 74 10
28 85 6
28 97 7
28 82 2
28 87 10
28 150 10
28 142 5
29 53 4
29 71 9
29 44 1
29 144 5
29 111 8
29 112 4
29 118 2
29 70 6
29 146 7
29 97 3
29 126 6
29 51 9
29 129 5
29 117 3
29 92 1
29 34 1
29 149 9
29 37 8
29 40 1
29 65 2
29 130 5
29 43 10
29 95 1
29 115 3
29 104 2
29 141 2
29 132 7
29 101 5
29 96 6
29 32 7
29 49 1
29 62 6
29 128 1
29 82 3
29 100 5
29 87 2
29 83 6
29 73 6
29 75 7
29 55 8
29 69 5
29 77 9
29 39 2
29 68 8
29 33 7
29 119 7
29 41 2
29 148 2
29 52 10
29 74 3
29 93 5
29 88 2
29 30 6
29 56 2
29 72 10
29 145 2
29 120 3
29 131 3
29 36 4
29 66 2
29 135 7
29 31 4
29 85 4
29 91 7
29 124 3
29 113 8
29 58 5
29 138 3
29 114 9
29 106 10
29 57 2
29 50 7
29 35 1
29 94 4
29 80 1
29 42 1
29 84 3
29 143 9
29 48 4
29 64 3
29 137 7
29 103 9
29 79 2
29 116 7
29 98 6
29 46 7
29 105 1
29 127 1
29 67 1
29 90 9
29 86 5
29 139 1
29 122 5
29 102 2
29 81 10
29 76 1
29 47 5
29 140 9
29 110 10
29 147 8
29 61 4
29 123 4
29 45 2
29 136 10
29 109 1
29 121 2
29 59 8
29 89 10
29 60 3
30 69 8
30 58 9
30 74 7
30 113 9
30 38 6
30 117 9
30 109 1
30 60 7
30 131 7
30 72 7
30 56 5
30 143 5
30 100 2
30 106 7
30 79 8
30 66 2
30 137 7
30 90 9
30 115 1
30 53 1
30 108 4
30 76 5
30 122 7
30 104 8
30 77 1
30 50 2
30 129 5
30 75 3
30 62 9
30 78 2
30 136 5
30 68 8
30 52 8
30 133 9
30 142 9
30 57 4
30 40 4
30 139 5
30 140 10
30 63 7
30 82 4
30 89 9
30 85 9
30 99 1
30 135 6
30 59 4
30 138 3
30 83 3
30 126 6
30 112 4
30 130 9
30 125 8
30 80 3
30 39 7
30 48 9
30 105 9
30 118 7
30 149 3
30 134 8
30 145 5
30 67 7
30 46 9
30 93 7
30 73 8
30 45 5
30 51 5
30 132 5
30 98 9
30 150 3
30 97 3
30 102 2
30 36 10
30 88 7
30 34 5
30 119 1
30 71 3
30 65 6
30 32 2
30 87 5
30 101 8
30 124 3
30 86 5
30 49 2
30 81 10
30 35 3
30 44 1
30 42 9
30 92 8
30 121 3
30 31 9
30 91 9
30 111 4
30 107 3
30 47 4
30 120 1
30 33 8
30 144 3
30 37 7
30 95 8
30 96 6
30 146 7
30 64 3
30 61 5
30 110 8
30 84 10
30 54 7
30 41 1
30 103 1
30 128 6
31 57 9
31 104 7
31 37 10
31 49 7
31 47 4
31 54 6
31 53 3
31 72 7
31 114 9
31 61 7
31 36 5
31 142 4
31 80 3
31 32 4
31 77 1
31 79 8
31 123 9
31 133 7
31 82 9
31 141 5
31 126 1
31 78 6
31 116 1
31 117 10
31 51 1
31 41 3
31 135 8
31 105 5
31 69 3
31 144 8
31 44 5
31 64 3
31 74 9
31 83 2
31 147 9
31 90 2
31 67 3
31 56 6
31 136 3
31 95 6
31 98 4
31 96 2
31 110 7
31 88 10
31 103 8
31 86 2
31 122 5
31 71 2
31 108 6
31 124 5
31 102 10
31 55 4
31 127 1
31 94 5
31 118 9
31 130 3
31 91 4
31 143 2
31 119 9
31 43 2
31 134 9
31 112 2
31 100 3
31 65 9
31 107 5
31 46 1
31 137 6
31 146 8
31 40 9
31 109 3
31 145 1
31 63 2
31 149 10
31 128 4
31 45 9
31 58 4
31 111 9
31 68 5
31 101 6
31 35 5
31 50 4
31 84 9
31 81 9
31 60 3
31 39 8
31 139 10
31 52 3
31 33 1
31 121 3
31 131 3
31 125 7
31 92 6
31 97 4
31 150 7
31 62 6
31 59 6
31 99 8
31 34 4
31 76 8
31 106 8
31 148 2
31 85 2
31 120 2
31 73 2
31 89 8
31 70 1
32 95 6
32 51 4
32 65 7
32 101 3
32 103 4
32 117 5
32 141 3
32 79 4
32 68 2
32 93 8
32 81 1
32 148 3
32 74 2
32 52 4
32 137 7
32 53 1
32 128 1
32 144 9
32 78 1
32 63 2
32 110 9
32 64 3
32 61 8
32 67 10
32 39 7
32 75 6
32 69 9
32 108 5
32 122 10
32 143 10
32 112 8
32 132 6
32 71 1
32 100 2
32 118 10
32 87 1
32 146 6
32 50 10
32 49 5
32 66 4
32 36 6
32 109 1
32 55 3
32 125 8
32 111 2
32 119 6
32 91 7
32 33 8
32 115 10
32 88 8
32 94 5
32 62 2
32 123 1
32 97 5
32 85 1
32 84 9
32 46 8
32 60 10
32 42 10
32 138 6
32 149 1
32 136 8
32 76 6
32 106 5
32 99 3
32 45 4
32 133 6
32 40 9
32 82 5
32 145 6
32 56 9
32 41 1
32 142 9
32 105 3
32 107 8
32 44 9
32 147 2
32 57 2
32 114 1
32 35 8
32 58 5
32 127 6
32 73 2
32 121 7
32 129 3
32 86 6
32 150 9
32 102 6
32 140 6
32 48 8
32 131 8
32 139 2
32 80 8
32 83 2
32 43 3
32 120 9
32 130 1
32 113 9
32 96 5
32 47 9
32 98 10
32 134 5
32 54 4
32 116 9
32 77 7
33 143 4
33 136 6
33 116 2
33 106 10
33 94 8
33 126 3
33 141 1
33 102 9
33 103 10
33 121 10
33 74 5
33 150 3
33 37 6
33 89 7
33 108 7
33 115 8
33 132 6
33 120 10
33 57 7
33 145 10
33 127 1
33 117 5
33 139 2
33 128 10
33 105 2
33 52 7
33 51 8
33 53 4
33 71 4
33 84 7
33 50 8
33 54 10
33 123 1
33 137 7
33 36 7
33 81 6
33 76 9
33 78 7
33 99 5
33 111 7
33 133 1
33 148 10
33 63 9
33 82 7
33 113 9
33 86 7
33 44 6
33 119 2
33 47 5
33 40 3
33 46 5
33 93 7
33 146 10
33 67 4
33 91 2
33 98 10
33 149 6
33 58 10
33 73 3
33 59 8
33 130 3
33 64 10
33 88 3
33 144 7
33 90 5
33 65 8
33 129 3
33 69 10
33 80 1
33 135 3
33 97 1
33 35 5
33 68 5
33 134 9
33 142 9
33 140 9
33 122 5
33 45 4
33 96 4
33 79 5
33 75 9
33 112 3
33 118 8
33 87 9
33 107 9
33 49 10
33 38 7
33 109 4
33 138 4
33 104 6
33 42 9
33 48 7
33 83 7
33 110 5
33 131 6
33 95 10
33 77 6
33 60 7
33 41 10
33 62 1
33 72 9
33 125 9
33 85 7
33 92 6
33 55 7
33 61 6
33 70 7
33 114 2
33 100 7
33 147 7
34 140 5
34 99 6
34 115 3
34 69 2
34 126 7
34 101 8
34 111 2
34 92 6
34 91 9
34 85 9
34 102 5
34 141 2
34 112 6
34 149 2
34 139 1
34 121 2
34 131 10
34 35 7
34 75 5
34 72 9
34 51 9
34 105 7
34 84 6
34 44 4
34 124 4
34 57 1
34 45 6
34 97 2
34 90 10
34 94 4
34 50 9
34 55 6
34 128 7
34 130 5
34 138 4
34 36 10
34 129 3
34 117 8
34 66 1
34 43 10
34 136 4
34 144 7
34 87 3
34 58 1
34 119 1
34 134 7
34 40 7
34 64 1
34 127 2
34 54 9
34 48 6
34 73 7
34 83 2
34 41 5
34 107 3
34 47 5
34 118 8
34 109 3
34 106 7
34 77 9
34 120 3
34 79 10
34 143 5
34 56 6
34 70 7
34 132 3
34 145 9
34 38 1
34 46 6
34 137 6
34 122 1
34 114 5
34 125 7
34 71 4
34 81 4
34 65 2
34 133 9
34 67 3
34 49 5
34 95 9
34 39 7
34 52 9
34 100 4
34 96 7
34 123 6
34 63 1
34 80 2
34 93 2
34 108 3
34 103 3
34 148 4
34 42 6
34 116 7
34 59 4
34 68 10
34 60 6
34 88 1
34 104 10
34 86 6
34 135 8
34 146 7
34 147 4
34 62 10
34 53 4
34 61 3
34 37 8
34 98 7
34 113 3
35 75 4
35 117 2
35 148 4
35 113 9
35 48 7
35 82 9
35 60 4
35 107 2
35 141 2
35 133 10
35 104 2
35 123 7
35 56 9
35 86 6
35 55 8
35 71 1
35 130 7
35 110 7
35 61 8
35 109 9
35 106 3
35 125 9
35 36 2
35 112 10
35 58 10
35 121 2
35 108 2
35 102 8
35 45 5
35 67 9
35 134 6
35 126 2
35 146 7
35 59 6
35 62 5
35 73 1
35 139 5
35 39 4
35 57 2
35 96 6
35 88 10
35 118 5
35 85 8
35 129 9
35 87 2
35 124 4
35 78 1
35 89 10
35 101 2
35 79 4
35 98 8
35 41 10
35 127 3
35 46 6
35 77 9
35 99 10
35 131 5
35 37 10
35 97 9
35 105 7
35 142 5
35 119 3
35 65 4
35 128 7
35 95 8
35 138 6
35 136 3
35 135 5
35 103 4
35 137 6
35 53 9
35 92 7
35 132 4
35 72 5
35 149 9
35 115 5
35 64 3
35 42 2
35 116 5
35 40 5
35 38 6
35 83 3
35 47 1
35 43 1
35 147 3
35 93 2
35 68 7
35 54 6
35 100 1
35 44 5
35 63 3
35 91 5
35 94 1
35 140 1
35 70 3
35 74 9
35 76 4
35 51 2
35 66 9
35 52 7
35 122 7
35 120 9
35 49 4
35 50 6
35 80 5
35 81 8
35 143 8
35 145 5
36 74 5
36 57 10
36 53 6
36 114 10
36 130 5
36 100 2
36 46 7
36 109 4
36 79 8
36 96 7
36 80 6
36 44 5
36 138 2
36 121 7
36 108 5
36 120 8
36 89 9
36 42 3
36 133 6
36 68 6
36 72 8
36 63 3
36 73 4
36 81 2
36 39 2
36 66 8
36 64 3
36 65 6
36 62 4
36 93 8
36 129 9
36 94 2
36 47 4
36 131 8
36 149 10
36 106 2
36 112 5
36 137 7
36 125 9
36 87 7
36 111 8
36 99 7
36 58 2
36 144 7
36 122 8
36 60 5
36 103 2
36 90 10
36 52 1
36 150 6
36 40 3
36 37 1
36 61 10
36 43 2
36 132 3
36 140 2
36 134 1
36 126 1
36 102 8
36 104 9
36 75 3
36 70 10
36 83 5
36 48 4
36 118 5
36 51 6
36 84 8
36 136 9
36 82 9
36 101 2
36 91 9
36 107 8
36 123 2
36 50 1
36 98 9
36 77 7
36 85 3
36 95 10
36 76 9
36 128 2
36 88 8
36 146 6
36 148 3
36 45 7
36 41 10
36 67 8
36 147 10
36 105 5
36 55 1
36 142 1
36 38 6
36 119 2
36 59 9
36 92 4
36 86 8
36 127 10
36 145 10
36 116 6
36 78 6
36 97 10
36 113 1
36 124 5
37 127 2
37 143 9
37 85 1
37 41 6
37 115 2
37 78 6
37 58 9
37 118 10
37 63 1
37 66 4
37 51 1
37 117 1
37 102 4
37 128 1
37 120 2
37 150 3
37 76 2
37 68 5
37 77 3
37 114 1
37 123 8
37 69 8
37 130 1
37 61 3
37 39 3
37 111 6
37 73 5
37 67 10
37 104 4
37 138 4
37 91 4
37 62 5
37 64 5
37 148 8
37 71 9
37 126 6
37 38 4
37 125 1
37 90 7
37 84 1
37 83 3
37 144 1
37 103 2
37 139 8
37 57 10
37 43 10
37 105 10
37 94 5
37 89 4
37 53 5
37 134 7
37 146 8
37 54 2
37 100 10
37 72 7
37 107 3
37 88 6
37 99 1
37 50 8
37 92 6
37 81 4
37 55 8
37 86 10
37 87 8
37 113 3
37 44 1
37 136 6
37 101 9
37 82 7
37 109 9
37 108 4
37 56 5
37 46 5
37 80 2
37 95 7
37 59 9
37 70 10
37 129 4
37 48 2
37 147 4
37 60 4
37 119 7
37 96 10
37 137 2
37 141 7
37 93 2
37 49 5
37 106 5
37 75 2
37 122 1
37 42 4
37 131 4
37 124 5
37 110 2
37 112 8
37 121 8
37 133 9
37 145 2
37 47 5
37 40 8
38 83 9
38 107 6
38 69 2
38 128 10
38 113 3
38 138 7
38 70 1
38 77 3
38 97 8
38 87 3
38 58 9
38 62 1
38 76 7
38 63 7
38 85 1
38 101 9
38 66 5
38 112 4
38 133 2
38 75 10
38 104 8
38 44 2
38 114 8
38 131 6
38 81 5
38 115 4
38 55 10
38 99 9
38 82 6
38 49 1
38 123 6
38 150 2
38 84 2
38 80 3
38 146 1
38 86 3
38 135 7
38 90 8
38 43 9
38 96 5
38 45 1
38 53 10
38 120 8
38 109 4
38 117 4
38 52 5
38 88 2
38 106 10
38 121 3
38 40 1
38 61 4
38 142 7
38 145 5
38 54 5
38 130 2
38 129 9
38 68 3
38 122 8
38 92 4
38 144 2
38 48 9
38 91 1
38 47 2
38 94 3
38 134 10
38 118 6
38 102 6
38 50 9
38 119 8
38 72 10
38 78 3
38 74 4
38 126 10
38 110 8
38 149 7
38 65 1
38 98 9
38 71 5
38 93 8
38 108 1
38 140 2
38 125 4
38 127 8
38 103 3
38 100 6
38 95 10
38 89 8
38 57 3
38 56 5
38 41 6
38 147 7
38 64 9
38 141 3
38 143 9
38 132 4
38 137 2
38 59 5
38 39 5
38 51 2
38 79 6
38 46 4
38 42 2
38 111 7
39 132 5
39 113 1
39 44 5
39 149 10
39 95 4
39 62 6
39 140 7
39 98 3
39 90 10
39 93 9
39 91 6
39 46 5
39 64 9
39 102 6
39 85 1
39 118 10
39 116 8
39 99 6
39 47 4
39 105 1
39 81 9
39 119 2
39 103 9
39 82 4
39 146 9
39 114 9
39 124 4
39 143 10
39 41 9
39 133 7
39 123 2
39 86 9
39 126 4
39 104 6
39 72 9
39 108 8
39 58 5
39 150 1
39 109 6
39 57 5
39 60 10
39 53 6
39 125 5
39 100 8
39 96 9
39 49 6
39 115 7
39 77 9
39 76 5
39 59 8
39 66 2
39 130 2
39 112 1
39 84 9
39 79 5
39 78 1
39 80 7
39 67 7
39 43 8
39 137 4
39 129 10
39 61 8
39 88 3
39 75 7
39 65 4
39 40 9
39 63 3
39 127 2
39 68 5
39 92 2
39 120 6
39 50 4
39 74 1
39 51 8
39 147 1
39 136 5
39 142 2
39 135 4
39 73 1
39 97 3
39 94 5
39 128 4
39 117 7
39 107 5
39 87 6
39 145 10
39 134 7
39 122 5
39 89 3
39 148 1
39 111 3
39 48 2
39 83 5
39 54 2
39 52 2
39 42 10
39 141 6
39 144 10
39 71 1
39 70 3
40 60 10
40 149 6
40 129 5
40 110 2
40 42 5
40 91 9
40 141 4
40 56 3
40 122 10
40 117 3
40 139 3
40 101 10
40 143 4
40 48 9
40 140 6
40 77 4
40 74 5
40 94 3
40 123 4
40 132 9
40 130 9
40 44 4
40 58 6
40 87 5
40 134 7
40 144 2
40 88 5
40 116 4
40 118 2
40 68 2
40 76 7
40 73 7
40 119 8
40 124 3
40 64 9
40 100 8
40 75 5
40 121 4
40 52 8
40 57 7
40 136 4
40 98 2
40 67 7
40 51 5
40 99 9
40 89 2
40 59 6
40 146 8
40 104 8
40 103 3
40 46 4
40 115 8
40 81 9
40 125 7
40 102 3
40 53 5
40 107 8
40 105 2
40 55 6
40 128 3
40 106 10
40 83 2
40 70 6
40 147 10
40 114 5
40 43 6
40 127 7
40 92 9
40 142 3
40 108 10
40 111 7
40 148 6
40 90 5
40 78 10
40 145 5
40 72 9
40 45 2
40 50 3
40 135 1
40 96 4
40 85 9
40 133 4
40 126 7
40 109 3
40 112 10
40 54 3
40 62 6
40 113 1
40 93 7
40 41 6
40 61 2
40 150 9
40 71 3
40 120 2
40 63 1
40 137 3
40 66 9
41 70 8
41 94 3
41 67 10
41 60 10
41 108 6
41 93 6
41 127 5
41 104 10
41 119 4
41 141 6
41 125 1
41 62 10
41 68 2
41 133 9
41 45 10
41 49 2
41 56 7
41 120 9
41 107 7
41 43 2
41 150 7
41 115 5
41 105 10
41 135 4
41 103 8
41 51 3
41 96 8
41 131 3
41 75 1
41 65 3
41 136 2
41 147 2
41 44 1
41 52 1
41 123 9
41 79 8
41 84 2
41 106 7
41 112 7
41 148 9
41 59 10
41 74 3
41 90 2
41 139 1
41 142 10
41 69 4
41 109 6
41 87 1
41 126 10
41 132 5
41 47 1
41 78 7
41 81 9
41 110 8
41 57 10
41 149 2
41 76 9
41 42 7
41 64 9
41 48 6
41 50 8
41 73 2
41 117 6
41 134 4
41 114 5
41 80 2
41 102 6
41 143 8
41 82 9
41 88 5
41 146 7
41 85 3
41 128 7
41 63 3
41 58 3
41 124 6
41 83 1
41 144 6
41 118 8
41 121 7
41 130 3
41 113 4
41 72 10
41 53 9
41 61 9
41 101 4
41 111 3
41 97 9
41 91 10
41 92 10
41 100 3
41 145 5
41 138 1
41 55 6
41 95 6
41 86 3
41 129 3
41 46 3
42 88 8
42 141 10
42 45 3
42 97 5
42 147 5
42 64 10
42 63 8
42 47 9
42 70 3
42 137 7
42 74 1
42 148 3
42 92 7
42 99 9
42 136 4
42 72 4
42 143 6
42 76 7
42 146 6
42 84 3
42 145 4
42 102 2
42 133 1
42 100 9
42 112 1
42 62 10
42 44 5
42 56 5
42 65 5
42 43 6
42 132 6
42 89 3
42 67 3
42 131 3
42 144 8
42 126 6
42 150 4
42 98 9
42 86 2
42 107 4
42 129 9
42 66 10
42 51 5
42 128 2
42 103 1
42 80 4
42 87 10
42 118 8
42 48 6
42 130 10
42 119 9
42 95 1
42 68 9
42 71 2
42 125 6
42 59 1
42 69 2
42 106 9
42 104 9
42 113 3
42 109 2
42 117 10
42 54 7
42 50 1
42 140 7
42 110 6
42 91 4
42 78 8
42 121 10
42 49 1
42 122 3
42 96 4
42 134 8
42 85 6
42 142 8
42 94 4
42 127 2
42 46 5
42 79 7
42 123 2
42 90 6
42 139 9
42 138 8
42 73 8
42 53 5
42 124 9
42 82 3
42 81 1
42 111 9
42 58 4
42 83 10
42 77 8
42 57 10
42 60 4
42 101 2
42 135 3
42 116 10
43 135 1
43 68 6
43 129 1
43 85 9
43 74 5
43 87 1
43 51 8
43 91 3
43 120 7
43 66 6
43 49 8
43 134 10
43 84 8
43 122 9
43 141 3
43 131 3
43 143 3
43 64 7
43 86 7
43 105 3
43 115 2
43 118 6
43 126 3
43 128 4
43 111 4
43 80 1
43 146 10
43 97 4
43 79 10
43 69 8
43 121 6
43 107 9
43 94 8
43 71 3
43 88 4
43 92 1
43 56 10
43 139 2
43 104 9
43 103 10
43 52 6
43 70 2
43 100 10
43 54 8
43 114 4
43 112 6
43 59 5
43 44 1
43 48 9
43 55 8
43 125 9
43 77 6
43 67 2
43 149 5
43 133 3
43 45 8
43 140 9
43 76 10
43 65 9
43 95 3
43 57 8
43 62 1
43 150 8
43 113 8
43 123 3
43 73 5
43 47 6
43 58 10
43 81 8
43 148 6
43 142 5
43 63 4
43 50 10
43 144 1
43 72 4
43 90 5
43 119 6
43 60 4
43 82 2
43 132 4
43 83 3
43 46 4
43 109 10
43 117 4
43 138 8
43 75 7
43 106 7
43 108 10
43 145 1
43 93 9
43 130 8
43 137 2
43 96 7
44 95 10
44 148 10
44 142 4
44 104 1
44 60 7
44 135 8
44 113 8
44 91 9
44 144 10
44 134 3
44 96 1
44 73 7
44 84 7
44 53 5
44 71 7
44 46 1
44 122 8
44 87 3
44 94 9
44 58 1
44 107 4
44 126 2
44 108 9
44 78 4
44 49 8
44 106 1
44 120 1
44 131 2
44 150 4
44 57 9
44 132 7
44 45 6
44 74 4
44 75 9
44 138 7
44 137 10
44 69 6
44 56 6
44 116 4
44 147 9
44 103 5
44 127 8
44 90 6
44 93 3
44 48 10
44 133 5
44 52 1
44 149 1
44 100 8
44 70 4
44 47 6
44 50 5
44 105 10
44 98 1
44 82 10
44 65 9
44 63 1
44 80 4
44 88 10
44 114 1
44 109 9
44 119 8
44 130 3
44 54 4
44 101 8
44 66 5
44 117 6
44 67 2
44 77 1
44 59 10
44 136 6
44 121 5
44 140 8
44 146 7
44 102 6
44 118 5
44 99 9
44 83 2
44 110 8
44 124 2
44 143 10
44 145 9
44 55 2
44 128 5
44 79 8
44 76 9
44 89 7
44 72 5
44 61 4
44 86 7
44 139 2
44 51 3
44 62 6
44 64 10
44 125 10
44 112 8
45 75 9
45 141 4
45 140 5
45 87 5
45 120 9
45 101 4
45 72 1
45 51 6
45 135 3
45 123 3
45 125 8
45 78 6
45 67 10
45 94 3
45 115 3
45 70 3
45 92 1
45 134 3
45 119 6
45 118 2
45 47 9
45 96 5
45 127 10
45 65 8
45 109 8
45 82 3
45 130 7
45 74 4
45 59 5
45 121 8
45 145 1
45 131 1
45 148 10
45 116 4
45 89 6
45 144 5
45 73 2
45 54 6
45 128 5
45 90 7
45 105 4
45 112 8
45 132 6
45 98 8
45 80 10
45 146 9
45 106 5
45 81 1
45 91 6
45 110 2
45 124 6
45 95 5
45 53 10
45 63 1
45 49 9
45 79 5
45 85 6
45 150 1
45 52 7
45 104 2
45 55 6
45 97 8
45 100 6
45 114 7
45 107 4
45 58 9
45 71 10
45 136 2
45 84 6
45 122 6
45 57 1
45 111 10
45 61 5
45 86 6
45 143 6
45 88 2
45 60 9
45 99 8
45 83 8
45 108 5
45 46 7
45 62 5
45 93 9
45 69 6
45 149 7
45 137 4
45 56 1
45 76 7
45 64 8
45 142 10
45 147 5
45 139 7
45 103 6
45 126 8
45 68 3
45 77 2
45 50 9
45 129 1
45 133 7
46 138 8
46 104 5
46 58 1
46 77 9
46 62 4
46 101 5
46 98 6
46 88 4
46 116 1
46 108 2
46 126 1
46 84 8
46 122 7
46 150 4
46 115 3
46 69 8
46 75 10
46 56 3
46 67 8
46 94 6
46 66 7
46 133 4
46 131 7
46 145 1
46 140 8
46 71 2
46 144 7
46 76 2
46 73 5
46 79 5
46 130 1
46 148 10
46 72 10
46 91 8
46 139 9
46 124 6
46 54 8
46 51 8
46 92 3
46 86 5
46 121 5
46 97 4
46 117 7
46 49 2
46 128 6
46 70 4
46 109 2
46 123 2
46 135 9
46 53 3
46 146 5
46 68 7
46 100 1
46 143 10
46 59 6
46 64 1
46 127 10
46 113 9
46 134 10
46 65 10
46 103 10
46 142 1
46 99 6
46 96 8
46 82 7
46 119 9
46 60 6
46 50 5
46 63 2
46 105 6
46 111 2
46 129 7
46 136 2
46 89 9
46 147 3
46 81 5
46 52 3
46 125 3
46 87 9
46 137 4
46 132 7
46 107 8
46 55 4
46 141 8
46 112 4
46 74 6
46 120 9
46 85 4
46 102 6
46 90 1
46 149 1
46 47 3
46 57 3
46 48 8
46 83 5
46 106 4
46 93 2
47 78 10
47 118 4
47 146 3
47 121 10
47 143 5
47 116 1
47 88 5
47 109 6
47 58 10
47 97 9
47 133 6
47 89 2
47 98 4
47 90 2
47 74 7
47 142 3
47 69 7
47 145 4
47 62 4
47 70 1
47 114 8
47 101 5
47 82 9
47 150 2
47 104 2
47 113 3
47 49 10
47 106 2
47 79 5
47 117 10
47 92 9
47 65 7
47 119 4
47 127 2
47 56 9
47 123 10
47 122 5
47 61 1
47 83 10
47 124 1
47 51 8
47 87 5
47 134 3
47 63 1
47 48 9
47 67 4
47 71 9
47 76 8
47 96 5
47 120 1
47 135 1
47 141 3
47 64 8
47 57 6
47 86 4
47 72 3
47 125 8
47 68 2
47 130 5
47 93 2
47 138 3
47 81 4
47 55 6
47 99 6
47 95 5
47 60 2
47 126 10
47 102 6
47 85 9
47 84 9
47 80 6
47 139 4
47 52 7
47 140 1
47 66 10
47 77 8
47 144 9
47 73 6
47 110 7
47 128 8
47 129 1
47 59 8
47 132 7
47 115 2
47 54 3
47 148 7
47 131 6
47 75 9
47 105 8
47 107 6
48 109 3
48 102 2
48 138 6
48 60 1
48 76 7
48 145 5
48 112 2
48 74 3
48 94 10
48 104 9
48 59 5
48 98 2
48 69 4
48 82 5
48 133 3
48 142 1
48 140 6
48 100 4
48 67 8
48 54 1
48 66 10
48 111 4
48 93 3
48 128 2
48 86 6
48 117 2
48 57 4
48 135 10
48 125 3
48 115 2
48 85 4
48 78 9
48 124 10
48 131 9
48 90 10
48 80 6
48 72 5
48 63 1
48 92 7
48 116 7
48 84 1
48 122 4
48 101 2
48 144 4
48 62 3
48 83 1
48 81 5
48 99 1
48 61 9
48 129 1
48 51 3
48 107 4
48 137 4
48 71 3
48 91 1
48 52 9
48 53 3
48 50 7
48 55 7
48 56 1
48 108 3
48 96 4
48 105 7
48 103 2
48 121 6
48 123 6
48 113 3
48 75 4
48 132 6
48 139 9
48 58 2
48 95 7
48 127 4
48 130 3
48 150 5
48 134 1
48 106 4
48 149 6
48 141 6
48 120 5
48 79 10
48 49 8
48 68 5
48 118 5
48 77 3
48 126 7
48 143 7
48 88 7
48 97 4
48 73 8
48 148 10
49 105 9
49 88 8
49 50 5
49 89 10
49 112 3
49 107 2
49 108 7
49 81 5
49 96 2
49 145 1
49 60 2
49 97 5
49 122 1
49 53 10
49 67 2
49 51 6
49 150 1
49 106 4
49 55 6
49 58 5
49 144 2
49 52 10
49 54 6
49 116 10
49 68 1
49 95 8
49 91 9
49 77 8
49 146 9
49 57 3
49 130 6
49 103 8
49 64 2
49 113 1
49 71 4
49 137 5
49 98 9
49 128 10
49 121 10
49 75 9
49 132 2
49 123 10
49 83 4
49 86 5
49 147 10
49 140 6
49 93 10
49 109 2
49 117 1
49 65 7
49 104 7
49 149 5
49 80 8
49 79 2
49 90 8
49 131 7
49 66 5
49 141 7
49 136 6
49 139 9
49 73 6
49 102 8
49 101 4
49 118 8
49 99 7
49 59 6
49 119 1
49 100 4
49 69 7
49 62 7
49 148 7
49 61 10
49 135 4
49 85 5
49 74 1
49 127 2
49 138 6
49 110 2
49 133 1
49 126 4
49 111 7
49 92 7
49 114 5
49 124 3
49 143 5
49 63 8
49 76 2
49 56 3
50 113 3
50 129 5
50 106 3
50 127 6
50 85 4
50 114 6
50 63 8
50 74 2
50 117 9
50 55 10
50 137 3
50 109 9
50 131 5
50 101 5
50 126 10
50 71 6
50 121 10
50 142 3
50 76 2
50 99 7
50 116 7
50 90 7
50 118 5
50 120 8
50 149 9
50 125 2
50 69 8
50 119 5
50 56 5
50 70 10
50 96 5
50 53 5
50 75 7
50 52 7
50 83 4
50 136 1
50 133 5
50 65 7
50 54 5
50 73 3
50 115 6
50 100 10
50 140 8
50 138 8
50 104 4
50 135 1
50 145 2
50 95 10
50 81 5
50 98 3
50 61 2
50 128 10
50 51 4
50 92 3
50 103 2
50 93 1
50 94 10
50 64 3
50 110 1
50 148 5
50 82 3
50 107 1
50 58 6
50 124 2
50 141 10
50 123 10
50 105 3
50 66 7
50 144 7
50 112 1
50 60 3
50 84 6
50 130 3
50 68 1
50 134 10
50 87 6
50 143 5
50 150 10
50 108 2
50 122 1
50 62 9
50 139 5
50 89 6
50 102 6
50 59 6
50 111 2
50 147 3
51 146 1
51 78 10
51 89 8
51 123 9
51 82 2
51 128 1
51 87 6
51 64 8
51 101 3
51 71 4
51 76 6
51 86 4
51 143 4
51 131 5
51 66 2
51 136 10
51 137 2
51 74 2
51 133 2
51 148 10
51 129 8
51 58 5
51 61 2
51 75 3
51 73 7
51 90 6
51 109 5
51 77 1
51 114 2
51 121 5
51 115 10
51 125 4
51 106 4
51 70 7
51 55 3
51 85 3
51 102 1
51 141 7
51 104 1
51 127 1
51 108 2
51 100 2
51 92 1
51 118 1
51 112 5
51 59 7
51 122 1
51 62 7
51 113 2
51 63 1
51 105 2
51 69 7
51 56 7
51 144 10
51 95 4
51 147 3
51 116 9
51 138 9
51 53 2
51 52 8
51 117 10
51 91 9
51 145 3
51 81 9
51 84 7
51 124 2
51 88 3
51 120 6
51 98 4
51 135 9
51 139 2
51 132 6
51 94 6
51 65 5
51 119 3
51 142 8
51 149 8
51 107 1
51 83 8
51 134 7
51 140 10
51 72 10
51 103 6
51 68 5
51 150 2
51 80 6
51 126 4
51 96 3
51 110 8
51 57 3
52 79 2
52 83 9
52 76 2
52 109 2
52 94 9
52 90 7
52 64 5
52 70 6
52 126 6
52 103 1
52 65 6
52 146 10
52 127 6
52 136 8
52 117 10
52 85 10
52 121 5
52 113 5
52 115 6
52 122 5
52 125 8
52 71 10
52 105 3
52 59 3
52 112 10
52 82 8
52 55 7
52 101 10
52 137 5
52 86 10
52 132 1
52 104 1
52 72 7
52 130 1
52 149 10
52 131 2
52 133 6
52 124 5
52 73 2
52 119 3
52 92 1
52 57 3
52 56 3
52 53 8
52 96 4
52 120 10
52 114 7
52 91 10
52 69 7
52 108 1
52 93 3
52 99 2
52 143 3
52 87 8
52 88 10
52 135 3
52 111 10
52 68 2
52 128 10
52 75 9
52 61 9
52 74 2
52 95 4
52 77 1
52 100 6
52 62 6
52 140 9
52 145 9
52 141 5
52 139 2
52 81 2
52 98 10
52 80 9
52 89 9
52 97 1
52 58 2
52 60 10
52 84 6
52 116 10
52 66 10
52 129 3
52 118 9
52 148 4
52 102 10
52 107 5
52 144 4
52 63 8
52 67 5
52 123 4
52 134 8
53 130 8
53 104 5
53 110 4
53 56 9
53 100 9
53 63 6
53 127 5
53 60 8
53 80 5
53 69 7
53 136 9
53 121 8
53 111 4
53 113 1
53 120 6
53 79 7
53 99 5
53 86 4
53 57 4
53 71 8
53 132 2
53 93 1
53 95 6
53 131 1
53 73 5
53 59 10
53 58 10
53 139 2
53 74 5
53 143 6
53 87 7
53 68 6
53 129 4
53 137 8
53 145 10
53 102 2
53 140 5
53 149 4
53 55 6
53 122 6
53 81 10
53 112 3
53 64 10
53 141 4
53 138 6
53 146 6
53 135 5
53 89 1
53 116 8
53 117 5
53 91 8
53 83 4
53 77 5
53 124 7
53 62 1
53 84 5
53 134 8
53 54 8
53 98 3
53 96 9
53 109 4
53 94 6
53 119 2
53 103 4
53 76 1
53 147 6
53 125 5
53 126 5
53 66 3
53 150 6
53 67 5
53 88 4
53 142 3
53 97 9
53 128 7
53 106 3
53 61 9
53 144 8
53 114 6
53 115 4
53 72 6
53 108 7
53 78 5
53 105 9
53 133 3
53 118 8
53 85 7
53 90 10
53 75 10
53 92 5
53 123 6
53 70 8
54 84 4
54 130 5
54 117 3
54 71 9
54 121 7
54 56 7
54 94 6
54 83 9
54 140 4
54 86 6
54 127 7
54 101 8
54 141 6
54 149 5
54 146 9
54 150 2
54 110 4
54 60 6
54 105 9
54 85 7
54 81 9
54 142 4
54 134 5
54 59 8
54 128 9
54 69 10
54 118 4
54 133 2
54 104 7
54 124 4
54 131 9
54 66 8
54 55 1
54 82 8
54 107 3
54 77 9
54 112 10
54 116 2
54 109 6
54 113 4
54 123 2
54 96 6
54 97 7
54 61 2
54 147 8
54 74 10
54 87 3
54 114 5
54 137 8
54 93 1
54 80 1
54 65 5
54 120 5
54 75 3
54 148 10
54 88 6
54 95 6
54 72 10
54 108 7
54 136 5
54 89 9
54 102 3
54 143 3
54 76 10
54 57 9
54 132 3
54 145 4
54 106 1
54 126 7
54 138 10
54 125 2
54 78 6
54 99 7
54 64 10
54 139 3
54 111 4
54 62 1
54 67 4
54 103 7
54 91 9
54 92 8
54 119 2
54 79 3
54 73 1
54 68 7
54 63 2
54 100 5
54 135 5
54 122 6
55 106 5
55 84 3
55 57 4
55 134 7
55 143 8
55 126 9
55 131 7
55 64 10
55 76 10
55 60 5
55 130 4
55 114 2
55 104 2
55 94 2
55 100 1
55 142 3
55 116 3
55 67 9
55 61 5
55 146 10
55 122 10
55 145 2
55 78 10
55 117 9
55 138 9
55 75 7
55 148 7
55 132 3
55 83 2
55 144 1
55 139 3
55 140 3
55 147 6
55 127 8
55 89 5
55 62 5
55 80 3
55 123 8
55 118 10
55 56 4
55 129 9
55 124 7
55 70 9
55 71 4
55 121 1
55 112 3
55 95 7
55 77 2
55 96 7
55 120 7
55 72 3
55 125 1
55 91 10
55 133 8
55 108 7
55 101 9
55 82 9
55 74 4
55 79 3
55 109 6
55 90 10
55 115 7
55 141 6
55 65 5
55 135 3
55 68 6
55 58 1
55 137 9
55 97 5
55 98 5
55 86 2
55 92 1
55 105 4
55 128 3
55 102 3
55 66 3
55 103 3
55 107 2
55 110 10
55 111 1
55 73 5
55 59 2
55 119 2
55 113 4
55 93 3
55 87 5
55 69 5
55 85 4
55 81 9
55 136 3
56 144 3
56 73 4
56 77 4
56 91 7
56 136 5
56 143 2
56 125 4
56 71 3
56 145 8
56 98 6
56 129 10
56 124 9
56 59 10
56 132 9
56 147 3
56 112 4
56 66 2
56 99 9
56 128 9
56 62 7
56 116 9
56 103 1
56 60 8
56 94 1
56 133 3
56 88 10
56 87 5
56 149 4
56 84 10
56 57 6
56 137 2
56 64 7
56 80 7
56 141 6
56 74 4
56 85 7
56 106 3
56 146 8
56 142 5
56 101 9
56 107 10
56 67 1
56 65 6
56 69 2
56 86 6
56 130 5
56 114 3
56 109 3
56 82 8
56 79 6
56 105 8
56 76 7
56 148 8
56 111 5
56 120 4
56 127 4
56 108 7
56 81 4
56 104 8
56 96 9
56 131 5
56 140 5
56 78 7
56 138 5
56 102 4
56 93 1
56 126 7
56 63 9
56 68 6
56 122 9
56 58 10
56 113 8
56 150 5
56 135 6
56 110 8
56 61 7
56 118 5
56 117 5
56 100 10
56 72 8
56 90 8
56 70 9
56 95 8
57 61 5
57 95 8
57 116 10
57 81 5
57 78 2
57 125 1
57 129 8
57 77 3
57 149 10
57 92 6
57 76 6
57 140 10
57 127 2
57 96 9
57 146 2
57 108 9
57 59 8
57 122 1
57 80 10
57 69 5
57 71 4
57 103 4
57 137 10
57 94 6
57 66 10
57 118 1
57 113 9
57 64 4
57 93 5
57 100 3
57 62 9
57 145 2
57 111 2
57 70 1
57 139 8
57 130 8
57 150 7
57 123 3
57 143 3
57 67 2
57 147 9
57 131 5
57 132 2
57 90 9
57 120 5
57 97 1
57 58 7
57 110 2
57 98 9
57 114 3
57 75 6
57 117 9
57 126 3
57 86 2
57 85 10
57 121 6
57 74 4
57 142 5
57 88 10
57 60 6
57 135 6
57 138 9
57 107 3
57 102 6
57 134 2
57 109 7
57 73 4
57 136 9
57 99 7
57 79 1
57 82 2
57 128 5
57 72 2
57 63 8
57 65 8
57 106 6
57 115 5
57 112 4
57 84 10
57 141 10
57 101 8
58 149 6
58 131 9
58 134 6
58 139 1
58 145 3
58 98 6
58 79 9
58 121 5
58 142 10
58 80 7
58 124 4
58 126 3
58 144 2
58 112 8
58 70 2
58 140 8
58 133 1
58 105 6
58 82 7
58 73 10
58 138 7
58 111 5
58 109 9
58 127 4
58 143 2
58 91 6
58 74 8
58 85 1
58 94 5
58 130 7
58 78 2
58 63 7
58 83 7
58 81 2
58 128 4
58 137 1
58 110 2
58 125 5
58 148 7
58 136 2
58 95 4
58 113 9
58 84 1
58 88 6
58 116 1
58 115 5
58 122 9
58 104 1
58 132 3
58 93 6
58 99 6
58 61 9
58 86 2
58 65 1
58 106 2
58 97 2
58 120 9
58 118 1
58 66 4
58 108 8
58 72 7
58 76 5
58 69 4
58 114 4
58 87 1
58 96 1
58 75 5
58 90 6
58 89 2
58 141 1
58 77 2
58 100 8
58 119 6
58 102 1
58 68 8
58 123 6
58 67 9
58 150 8
58 59 5
58 64 5
58 60 9
58 129 4
58 103 8
58 92 4
58 135 8
59 68 5
59 113 10
59 65 7
59 136 5
59 128 2
59 105 7
59 118 7
59 60 5
59 70 4
59 80 7
59 127 8
59 119 7
59 145 6
59 64 9
59 140 10
59 67 3
59 116 9
59 61 7
59 108 4
59 91 8
59 90 4
59 146 4
59 134 8
59 102 2
59 120 8
59 104 10
59 143 8
59 96 3
59 124 3
59 85 6
59 137 2
59 114 4
59 122 4
59 142 6
59 72 7
59 62 3
59 121 4
59 98 8
59 73 2
59 94 3
59 88 9
59 123 3
59 97 8
59 71 9
59 66 3
59 147 4
59 78 3
59 126 10
59 82 5
59 111 3
59 133 2
59 100 9
59 93 10
59 79 3
59 86 6
59 95 2
59 69 9
59 99 9
59 87 5
59 81 9
59 135 10
59 125 9
59 149 1
59 63 10
59 115 3
59 132 2
59 89 7
59 139 7
59 84 7
59 74 4
59 112 2
59 148 7
59 129 2
59 107 3
59 138 5
59 110 8
59 150 8
59 83 6
59 77 1
59 106 10
59 92 1
59 76 2
59 117 10
59 144 7
59 75 1
60 127 10
60 94 10
60 78 3
60 130 5
60 70 5
60 139 9
60 133 10
60 140 1
60 119 5
60 126 10
60 62 1
60 121 6
60 105 2
60 69 2
60 77 5
60 67 5
60 104 1
60 125 2
60 81 7
60 74 8
60 142 5
60 96 4
60 71 7
60 108 6
60 149 3
60 141 5
60 95 10
60 93 2
60 150 1
60 137 5
60 124 5
60 66 6
60 117 6
60 92 5
60 128 9
60 79 7
60 65 5
60 107 10
60 83 1
60 75 6
60 112 4
60 80 9
60 100 8
60 73 10
60 72 10
60 136 10
60 76 7
60 123 7
60 131 6
60 64 3
60 147 8
60 146 2
60 91 4
60 120 8
60 97 1
60 134 8
60 61 5
60 85 4
60 110 5
60 82 4
60 98 1
60 148 6
60 132 5
60 101 9
60 90 9
60 111 9
60 129 3
60 106 4
60 135 6
60 122 9
60 102 2
60 88 8
60 113 4
60 114 6
60 138 4
60 84 9
60 115 5
60 144 8
60 145 9
60 86 3
60 63 6
60 118 10
60 87 9
61 65 2
61 84 7
61 111 5
61 108 7
61 94 7
61 143 2
61 83 10
61 137 10
61 136 2
61 75 7
61 120 4
61 126 10
61 148 10
61 147 9
61 145 2
61 131 1
61 99 6
61 86 4
61 130 1
61 139 3
61 63 1
61 144 5
61 90 2
61 142 3
61 124 9
61 105 7
61 116 1
61 119 1
61 81 2
61 141 2
61 118 8
61 62 8
61 95 4
61 73 4
61 125 8
61 88 5
61 74 5
61 122 9
61 114 5
61 110 8
61 78 5
61 127 7
61 117 7
61 121 5
61 150 6
61 135 7
61 66 5
61 140 8
61 97 4
61 68 2
61 71 1
61 115 6
61 103 2
61 85 1
61 109 6
61 101 7
61 70 8
61 107 3
61 100 8
61 93 3
61 112 8
61 76 4
61 113 1
61 96 8
61 134 6
61 69 4
61 106 5
61 104 7
61 123 10
61 128 7
61 64 5
61 146 8
61 89 9
61 138 4
61 72 6
61 133 4
61 149 2
61 82 10
61 98 1
61 79 7
61 80 6
61 67 1
62 90 6
62 75 5
62 138 3
62 80 7
62 85 8
62 66 3
62 122 2
62 125 9
62 117 4
62 79 2
62 123 10
62 112 6
62 96 7
62 110 7
62 120 4
62 92 6
62 81 6
62 77 6
62 100 4
62 137 3
62 150 3
62 130 1
62 140 2
62 139 9
62 107 6
62 114 6
62 102 10
62 109 2
62 128 9
62 136 2
62 63 3
62 67 8
62 141 10
62 106 4
62 84 9
62 87 4
62 91 2
62 64 5
62 135 6
62 142 5
62 148 5
62 74 4
62 105 2
62 119 6
62 144 7
62 134 9
62 131 3
62 103 7
62 82 8
62 95 3
62 94 10
62 143 6
62 78 5
62 108 8
62 70 10
62 111 4
62 146 1
62 124 3
62 76 6
62 132 8
62 98 7
62 121 10
62 113 9
62 129 9
62 71 3
62 86 5
62 104 6
62 126 8
62 97 2
62 149 1
62 89 10
62 147 8
62 69 7
62 73 8
62 99 9
62 83 6
62 118 3
62 65 7
62 72 2
62 115 1
63 89 5
63 100 9
63 73 2
63 120 1
63 67 5
63 91 1
63 134 1
63 71 4
63 113 1
63 123 10
63 85 3
63 110 3
63 69 7
63 148 3
63 68 10
63 137 6
63 128 8
63 77 10
63 83 10
63 90 10
63 127 4
63 149 10
63 108 4
63 131 7
63 87 7
63 82 7
63 122 7
63 92 3
63 105 4
63 104 5
63 115 1
63 64 1
63 145 4
63 135 10
63 121 10
63 107 8
63 75 9
63 112 2
63 84 6
63 142 8
63 146 7
63 93 1
63 144 7
63 88 6
63 125 4
63 95 4
63 126 4
63 132 2
63 102 7
63 86 4
63 74 8
63 138 3
63 124 3
63 129 6
63 147 4
63 70 1
63 94 10
63 133 5
63 130 7
63 106 8
63 101 2
63 72 6
63 98 4
63 111 9
63 103 9
63 76 6
63 119 8
63 114 4
63 97 7
63 96 6
63 78 9
63 79 9
63 118 10
63 65 6
63 116 1
64 103 3
64 141 4
64 92 6
64 142 3
64 147 10
64 132 3
64 140 9
64 84 4
64 90 1
64 97 3
64 107 4
64 100 7
64 83 1
64 89 10
64 118 6
64 116 4
64 93 2
64 79 7
64 126 3
64 98 8
64 148 8
64 69 9
64 123 3
64 66 10
64 133 2
64 102 5
64 119 7
64 113 5
64 110 6
64 127 3
64 82 9
64 73 8
64 108 4
64 96 1
64 104 8
64 122 3
64 115 2
64 143 9
64 106 5
64 150 3
64 78 6
64 80 6
64 85 2
64 81 8
64 144 10
64 128 10
64 146 7
64 111 4
64 120 3
64 74 7
64 75 2
64 94 10
64 76 9
64 114 9
64 117 5
64 145 8
64 87 7
64 71 8
64 136 7
64 65 4
64 68 6
64 70 1
64 129 9
64 139 1
64 72 8
64 67 9
64 105 6
64 77 2
64 131 10
64 124 5
64 125 2
64 86 9
64 135 5
64 121 8
64 109 8
64 134 10
64 99 2
64 101 6
64 88 7
65 85 4
65 106 8
65 84 7
65 78 5
65 141 7
65 149 8
65 120 7
65 88 6
65 96 9
65 83 6
65 127 4
65 136 2
65 137 10
65 86 1
65 123 10
65 103 3
65 148 4
65 150 1
65 98 4
65 81 9
65 67 9
65 111 7
65 128 6
65 122 4
65 119 1
65 75 8
65 144 2
65 126 10
65 92 7
65 105 10
65 95 4
65 74 7
65 133 6
65 140 3
65 118 2
65 121 6
65 102 7
65 89 9
65 97 1
65 90 9
65 107 10
65 66 2
65 138 8
65 112 8
65 94 10
65 132 4
65 113 10
65 72 1
65 108 1
65 79 10
65 82 9
65 110 9
65 77 3
65 142 10
65 117 2
65 99 2
65 124 10
65 114 6
65 130 6
65 80 7
65 147 8
65 145 3
65 100 7
65 87 3
65 143 7
65 76 8
65 71 7
65 104 3
65 101 9
65 125 2
65 116 1
65 129 7
65 131 3
65 135 9
65 73 8
65 134 8
65 139 5
65 146 9
65 69 7
65 70 10
65 93 10
65 91 2
65 109 8
66 83 1
66 103 6
66 124 4
66 110 8
66 122 4
66 138 1
66 144 4
66 123 4
66 148 9
66 119 10
66 116 3
66 114 4
66 71 8
66 85 4
66 105 7
66 111 2
66 97 10
66 141 3
66 76 8
66 128 6
66 78 10
66 89 7
66 108 1
66 91 1
66 132 5
66 150 3
66 121 9
66 98 10
66 104 3
66 113 3
66 134 7
66 127 1
66 137 9
66 102 10
66 106 9
66 120 6
66 147 3
66 93 7
66 136 2
66 145 7
66 96 1
66 72 2
66 101 3
66 80 6
66 81 10
66 88 2
66 142 3
66 92 10
66 117 2
66 115 9
66 74 10
66 112 5
66 82 9
66 140 9
66 149 5
66 130 3
66 94 2
66 126 4
66 79 6
66 129 3
66 99 10
66 125 7
66 118 4
66 143 6
66 69 4
66 73 10
66 107 2
66 139 6
66 100 3
66 70 9
66 131 4
66 87 9
66 84 4
67 133 9
67 149 8
67 124 4
67 109 2
67 126 2
67 131 2
67 111 9
67 118 5
67 144 1
67 84 1
67 105 2
67 76 2
67 108 8
67 138 1
67 72 2
67 79 5
67 86 2
67 71 1
67 78 3
67 107 2
67 136 7
67 134 7
67 91 2
67 123 8
67 90 8
67 83 9
67 102 7
67 119 6
67 129 3
67 148 8
67 121 5
67 96 7
67 100 4
67 132 2
67 106 1
67 110 10
67 70 3
67 81 4
67 77 6
67 127 1
67 117 2
67 125 8
67 146 7
67 75 4
67 115 6
67 143 4
67 150 3
67 73 6
67 98 4
67 80 1
67 116 8
67 113 8
67 82 1
67 139 1
67 120 6
67 94 3
67 74 5
67 135 2
67 85 7
67 122 10
67 137 3
67 142 8
67 141 5
67 147 2
67 112 5
67 130 4
67 114 2
67 93 2
67 140 7
67 87 1
67 128 10
67 89 5
67 97 9
67 103 4
67 145 4
67 88 2
68 97 2
68 73 7
68 71 7
68 90 5
68 82 4
68 92 3
68 114 6
68 84 7
68 136 10
68 76 1
68 103 6
68 80 1
68 141 6
68 110 3
68 119 3
68 107 8
68 125 3
68 91 8
68 93 5
68 74 9
68 79 5
68 86 5
68 147 5
68 104 3
68 83 1
68 96 4
68 133 3
68 109 1
68 116 6
68 135 8
68 126 2
68 143 5
68 95 9
68 117 5
68 137 10
68 150 4
68 139 7
68 69 7
68 140 8
68 149 6
68 81 2
68 100 9
68 88 7
68 128 2
68 108 2
68 70 3
68 112 10
68 121 2
68 145 4
68 123 8
68 138 4
68 98 2
68 94 6
68 111 9
68 122 5
68 118 7
68 102 3
68 99 2
68 101 2
68 129 2
68 132 4
68 87 9
68 120 9
68 115 9
68 144 4
68 89 6
68 127 4
68 77 2
68 106 2
68 75 2
68 142 2
68 113 2
68 130 5
68 85 1
68 146 1
69 147 8
69 123 5
69 96 3
69 125 4
69 134 3
69 82 1
69 136 10
69 146 6
69 127 3
69 119 4
69 90 10
69 84 9
69 113 10
69 70 8
69 92 1
69 149 8
69 112 3
69 71 2
69 129 10
69 106 7
69 126 2
69 107 4
69 81 5
69 114 7
69 101 8
69 77 9
69 148 1
69 131 10
69 143 7
69 142 4
69 141 4
69 109 6
69 75 2
69 105 5
69 124 1
69 89 7
69 117 8
69 104 8
69 144 10
69 130 5
69 93 5
69 73 6
69 97 5
69 132 7
69 100 5
69 102 10
69 76 9
69 94 1
69 139 7
69 91 3
69 116 4
69 83 4
69 74 7
69 87 10
69 99 8
69 115 2
69 138 8
69 85 2
69 145 6
69 111 1
69 118 8
69 72 7
69 108 8
69 122 6
69 98 4
69 120 3
69 133 5
69 79 1
69 150 8
69 135 5
69 121 4
69 80 2
69 86 6
69 110 10
69 103 7
70 118 7
70 77 7
70 119 10
70 128 4
70 74 5
70 103 6
70 82 10
70 114 7
70 113 3
70 84 4
70 122 2
70 131 9
70 135 8
70 79 1
70 124 8
70 87 3
70 132 8
70 138 9
70 88 5
70 148 3
70 146 10
70 91 7
70 100 5
70 76 7
70 116 8
70 95 1
70 143 1
70 125 6
70 115 6
70 73 6
70 109 6
70 137 2
70 105 10
70 92 9
70 81 3
70 121 2
70 71 3
70 144 6
70 86 3
70 141 5
70 150 4
70 89 1
70 149 1
70 139 6
70 136 7
70 147 9
70 75 1
70 80 1
70 120 6
70 104 8
70 133 9
70 85 6
70 99 10
70 83 6
70 101 9
70 97 3
70 78 8
70 126 10
70 145 4
70 112 9
70 134 4
70 108 7
70 96 4
70 110 5
70 93 3
70 129 5
70 107 8
70 130 9
70 127 8
70 142 3
70 94 3
70 111 1
71 135 1
71 92 6
71 78 6
71 82 7
71 75 5
71 110 1
71 144 2
71 88 1
71 111 9
71 105 1
71 81 9
71 72 9
71 91 5
71 86 4
71 117 7
71 114 3
71 143 10
71 147 5
71 139 1
71 74 5
71 126 5
71 109 1
71 107 10
71 80 10
71 98 9
71 133 7
71 122 10
71 101 5
71 103 1
71 108 3
71 95 4
71 128 6
71 150 3
71 119 1
71 102 6
71 97 6
71 106 2
71 73 1
71 84 4
71 149 6
71 115 10
71 77 9
71 132 2
71 96 9
71 145 10
71 134 1
71 142 6
71 125 3
71 93 3
71 100 5
71 99 7
71 83 1
71 85 9
71 130 9
71 116 6
71 129 1
71 123 6
71 76 9
71 87 9
71 79 5
71 131 6
71 124 3
71 141 6
71 137 4
71 112 8
71 136 8
71 94 6
71 146 4
71 118 5
71 120 6
71 89 6
72 117 1
72 138 5
72 122 8
72 111 9
72 90 9
72 134 7
72 74 9
72 77 7
72 81 3
72 80 3
72 75 8
72 98 1
72 148 3
72 147 4
72 143 8
72 149 6
72 124 4
72 140 2
72 99 2
72 121 2
72 97 10
72 136 10
72 130 2
72 88 8
72 142 10
72 82 9
72 110 2
72 109 5
72 133 7
72 86 3
72 141 2
72 102 4
72 95 7
72 119 5
72 96 3
72 145 5
72 100 9
72 116 8
72 112 5
72 104 1
72 120 10
72 83 8
72 115 3
72 129 3
72 132 2
72 101 4
72 93 7
72 79 8
72 139 7
72 118 7
72 78 5
72 131 10
72 128 8
72 107 10
72 146 2
72 150 9
72 73 4
72 84 2
72 103 8
72 108 5
72 125 8
72 105 3
72 91 2
72 127 1
72 85 6
72 114 6
72 92 3
72 87 1
72 106 5
73 82 10
73 127 8
73 96 7
73 145 2
73 113 10
73 100 2
73 93 3
73 149 6
73 122 7
73 105 3
73 97 1
73 141 2
73 123 5
73 103 10
73 77 3
73 131 8
73 128 5
73 89 4
73 110 1
73 106 6
73 104 3
73 85 7
73 111 1
73 74 10
73 144 9
73 112 7
73 130 8
73 140 9
73 99 3
73 133 1
73 81 3
73 135 2
73 80 6
73 76 2
73 98 9
73 102 8
73 116 4
73 150 7
73 129 8
73 126 10
73 114 7
73 142 5
73 75 1
73 137 2
73 94 8
73 119 10
73 108 10
73 138 10
73 84 7
73 115 4
73 148 2
73 79 3
73 78 3
73 147 8
73 124 10
73 125 3
73 92 2
73 86 5
73 120 7
73 87 10
73 101 2
73 88 2
73 95 1
73 139 9
73 107 6
73 134 5
74 101 4
74 104 1
74 138 1
74 134 4
74 136 9
74 115 2
74 90 4
74 150 6
74 95 3
74 76 4
74 135 1
74 142 2
74 128 6
74 110 8
74 77 7
74 79 1
74 121 4
74 111 9
74 112 9
74 130 10
74 114 1
74 147 8
74 124 5
74 84 4
74 122 5
74 75 2
74 102 8
74 93 1
74 125 7
74 129 5
74 133 9
74 78 5
74 127 5
74 144 4
74 120 4
74 98 9
74 96 5
74 139 8
74 81 7
74 123 1
74 109 7
74 92 2
74 126 6
74 87 4
74 118 2
74 113 9
74 94 8
74 99 6
74 86 2
74 107 1
74 106 10
74 82 8
74 148 4
74 89 3
74 105 5
74 149 5
74 80 8
74 145 3
74 97 7
74 91 10
74 88 6
74 116 10
74 141 6
74 108 2
74 143 7
74 132 10
75 85 3
75 150 5
75 126 10
75 99 2
75 146 8
75 133 2
75 123 7
75 142 2
75 113 7
75 84 10
75 98 3
75 149 5
75 91 4
75 115 9
75 77 8
75 145 6
75 118 4
75 116 1
75 144 7
75 143 6
75 87 5
75 100 1
75 103 9
75 121 10
75 89 8
75 125 4
75 132 7
75 102 6
75 137 4
75 94 4
75 120 6
75 109 2
75 119 2
75 138 10
75 104 4
75 96 9
75 117 9
75 110 7
75 76 5
75 105 1
75 122 8
75 82 5
75 97 7
75 95 2
75 114 1
75 141 5
75 90 6
75 79 5
75 93 2
75 128 2
75 107 2
75 108 2
75 130 8
75 148 2
75 127 7
75 92 3
75 136 1
75 88 3
75 111 4
75 147 8
75 80 6
75 131 6
75 129 5
75 106 3
76 129 5
76 124 8
76 130 1
76 98 4
76 97 3
76 105 5
76 81 4
76 80 6
76 142 9
76 91 5
76 78 8
76 127 3
76 110 2
76 90 1
76 106 7
76 147 5
76 93 9
76 134 3
76 118 1
76 119 7
76 111 1
76 83 9
76 121 5
76 138 3
76 149 4
76 136 6
76 77 5
76 89 9
76 103 5
76 85 2
76 140 3
76 107 7
76 120 3
76 82 1
76 122 9
76 131 1
76 116 8
76 115 9
76 79 2
76 144 2
76 100 4
76 123 5
76 84 6
76 104 8
76 95 2
76 141 6
76 109 6
76 125 8
76 99 5
76 145 7
76 102 5
76 137 1
76 94 1
76 114 4
76 132 8
76 150 4
76 126 7
76 108 3
76 133 6
76 135 9
76 113 9
76 117 2
76 139 6
76 146 4
76 87 3
77 89 3
77 123 5
77 149 1
77 127 4
77 82 3
77 130 4
77 129 8
77 116 6
77 110 8
77 100 1
77 139 10
77 120 8
77 92 6
77 93 4
77 132 10
77 84 10
77 140 7
77 118 9
77 143 3
77 86 5
77 121 1
77 141 1
77 146 6
77 115 1
77 91 4
77 81 9
77 109 2
77 96 6
77 134 5
77 83 2
77 126 10
77 150 6
77 78 2
77 85 5
77 142 2
77 88 10
77 117 10
77 80 10
77 136 3
77 135 7
77 128 9
77 101 9
77 144 3
77 122 8
77 87 7
77 104 2
77 105 7
77 125 3
77 133 7
77 79 10
77 138 7
77 119 1
77 112 9
77 124 5
77 94 5
77 111 5
77 147 5
77 99 8
77 131 2
77 106 4
77 113 4
77 145 1
77 90 3
77 95 9
77 137 7
77 114 2
78 149 3
78 88 8
78 87 2
78 116 3
78 110 9
78 109 1
78 146 8
78 112 10
78 96 3
78 92 2
78 126 6
78 86 8
78 118 7
78 136 9
78 123 9
78 141 2
78 137 3
78 84 10
78 124 9
78 144 6
78 115 2
78 135 8
78 98 5
78 85 7
78 131 6
78 127 7
78 103 1
78 108 8
78 139 10
78 102 7
78 119 10
78 107 4
78 93 1
78 125 4
78 145 5
78 89 8
78 128 1
78 105 8
78 97 2
78 142 6
78 95 4
78 104 5
78 147 6
78 82 1
78 132 3
78 122 6
78 99 1
78 148 8
78 94 3
78 113 10
78 81 10
78 80 4
78 79 6
78 90 10
78 130 7
78 111 9
78 117 5
78 83 2
78 134 8
78 100 10
78 114 1
78 120 10
78 140 9
78 138 10
78 150 6
78 133 5
79 112 10
79 94 5
79 93 1
79 138 10
79 99 6
79 139 3
79 85 10
79 109 3
79 143 10
79 137 8
79 129 2
79 87 6
79 91 6
79 119 3
79 82 4
79 114 1
79 101 4
79 90 10
79 95 9
79 130 9
79 106 2
79 92 4
79 148 2
79 140 6
79 96 1
79 104 8
79 107 9
79 128 7
79 134 4
79 97 2
79 133 3
79 145 4
79 144 7
79 115 8
79 111 8
79 89 1
79 103 1
79 117 6
79 123 3
79 81 1
79 88 9
79 118 10
79 80 5
79 146 9
79 141 7
79 120 3
79 105 3
79 124 8
79 142 8
79 147 4
79 150 8
79 86 6
79 127 1
79 116 1
79 113 1
79 132 3
79 102 3
79 122 4
79 126 7
79 83 1
79 125 8
79 110 6
79 121 8
79 84 10
80 98 4
80 106 7
80 105 6
80 92 7
80 118 1
80 89 3
80 140 10
80 133 9
80 85 3
80 109 8
80 139 3
80 100 2
80 144 8
80 101 7
80 126 7
80 135 5
80 125 8
80 124 6
80 145 7
80 81 9
80 138 3
80 84 10
80 108 2
80 87 2
80 142 5
80 113 8
80 129 4
80 97 5
80 112 3
80 120 9
80 134 10
80 128 3
80 137 1
80 96 8
80 122 3
80 132 2
80 141 3
80 99 4
80 147 8
80 149 5
80 121 9
80 143 4
80 131 9
80 148 6
80 150 10
80 95 4
80 115 3
80 94 6
80 119 4
80 146 1
80 104 6
80 103 5
80 110 2
80 136 3
80 91 2
80 130 7
80 117 8
80 116 6
80 90 7
80 114 6
80 123 9
80 111 8
80 102 1
80 93 4
81 144 4
81 92 3
81 126 6
81 125 6
81 98 2
81 86 6
81 105 4
81 99 2
81 150 1
81 148 3
81 120 5
81 95 10
81 123 3
81 121 6
81 140 2
81 131 5
81 116 6
81 141 7
81 87 3
81 119 9
81 103 8
81 118 8
81 143 3
81 107 1
81 145 8
81 127 1
81 88 9
81 133 1
81 94 4
81 122 2
81 135 2
81 104 5
81 102 4
81 137 5
81 89 3
81 132 2
81 84 6
81 108 7
81 138 9
81 147 9
81 142 3
81 117 8
81 128 3
81 93 3
81 146 2
81 129 1
81 101 1
81 114 1
81 109 1
81 124 1
81 106 2
81 139 1
81 110 9
81 111 7
81 97 2
81 115 5
81 130 1
82 132 5
82 88 4
82 113 10
82 83 9
82 109 4
82 125 5
82 111 4
82 134 3
82 116 6
82 124 10
82 89 3
82 115 3
82 143 5
82 142 7
82 128 4
82 102 4
82 135 10
82 92 9
82 139 10
82 146 9
82 136 5
82 138 4
82 126 2
82 106 3
82 87 6
82 130 8
82 140 3
82 93 8
82 121 1
82 100 6
82 98 6
82 101 9
82 120 10
82 104 1
82 150 1
82 108 2
82 123 6
82 94 9
82 107 1
82 119 2
82 122 4
82 95 1
82 149 7
82 133 10
82 114 7
82 131 6
82 86 5
82 90 9
82 85 4
82 117 4
82 110 2
82 129 5
82 147 2
82 96 8
82 99 9
82 127 5
82 118 2
82 145 9
82 137 10
82 84 10
82 91 4
82 141 3
83 117 2
83 127 7
83 85 7
83 95 9
83 118 3
83 112 4
83 97 4
83 147 8
83 96 8
83 86 6
83 145 9
83 114 8
83 146 4
83 143 5
83 149 4
83 103 1
83 105 4
83 110 1
83 101 6
83 124 10
83 102 10
83 107 3
83 100 10
83 111 2
83 93 10
83 91 8
83 89 2
83 92 3
83 84 9
83 121 2
83 113 4
83 125 7
83 128 7
83 133 3
83 134 9
83 115 3
83 99 4
83 109 1
83 129 1
83 135 10
83 150 10
83 139 4
83 90 3
83 119 2
83 94 9
83 148 7
83 123 7
83 122 5
83 130 10
83 141 3
83 138 6
83 136 3
83 88 9
83 108 9
83 120 5
83 116 8
83 131 7
83 142 6
83 98 6
83 140 4
84 133 6
84 116 5
84 102 1
84 97 8
84 109 10
84 148 1
84 96 8
84 136 4
84 88 8
84 149 1
84 132 7
84 144 10
84 101 8
84 134 1
84 103 2
84 90 6
84 119 10
84 113 6
84 130 9
84 142 3
84 91 1
84 98 2
84 114 4
84 123 8
84 150 7
84 143 10
84 141 6
84 111 9
84 126 5
84 127 9
84 112 9
84 107 1
84 146 6
84 87 4
84 115 3
84 131 5
84 125 4
84 135 6
84 86 9
84 92 3
84 94 2
84 137 5
84 121 2
84 139 8
84 110 6
84 140 10
84 106 1
84 118 1
84 120 2
84 104 7
84 124 4
84 93 10
84 117 8
84 138 7
84 128 5
85 107 10
85 150 10
85 120 3
85 139 4
85 148 9
85 133 8
85 136 3
85 102 9
85 141 7
85 122 8
85 108 2
85 86 5
85 100 5
85 90 3
85 135 7
85 109 1
85 118 7
85 105 8
85 104 7
85 101 3
85 145 6
85 144 7
85 114 10
85 92 10
85 130 7
85 94 4
85 140 9
85 95 3
85 98 10
85 93 2
85 99 6
85 121 4
85 124 2
85 117 2
85 110 4
85 132 4
85 123 4
85 96 7
85 131 6
85 112 4
85 128 2
85 87 7
85 127 3
85 119 9
85 103 6
85 146 9
85 91 8
85 126 9
85 125 8
85 147 7
85 113 6
85 138 6
85 143 3
85 137 8
85 116 8
85 88 5
85 115 1
85 97 10
85 106 1
86 96 7
86 143 3
86 122 4
86 98 5
86 104 3
86 119 9
86 142 2
86 97 8
86 118 9
86 113 9
86 88 2
86 91 4
86 130 3
86 144 3
86 87 1
86 146 7
86 125 5
86 147 6
86 90 8
86 111 8
86 116 6
86 149 8
86 140 4
86 137 4
86 110 3
86 132 6
86 131 10
86 95 5
86 101 3
86 102 10
86 92 1
86 106 6
86 126 5
86 103 5
86 108 6
86 115 8
86 139 5
86 93 4
86 150 7
86 123 5
86 100 2
86 124 9
86 141 8
86 112 1
86 94 6
86 136 4
86 138 4
86 128 5
86 89 4
86 145 8
86 133 1
86 148 7
86 121 10
86 105 2
86 99 5
86 127 7
87 114 5
87 126 2
87 95 5
87 142 1
87 122 9
87 120 4
87 104 9
87 96 9
87 101 6
87 134 1
87 89 9
87 108 7
87 138 1
87 132 2
87 144 1
87 98 10
87 105 8
87 103 1
87 112 8
87 99 7
87 137 2
87 133 7
87 119 7
87 128 1
87 124 7
87 135 1
87 113 9
87 148 1
87 110 9
87 117 9
87 118 10
87 116 1
87 141 2
87 123 10
87 102 4
87 130 5
87 100 1
87 97 8
87 140 7
87 139 4
87 127 4
87 107 1
87 111 9
87 90 3
87 121 2
87 147 2
87 129 4
87 150 5
87 93 5
87 143 2
87 145 8
87 106 2
87 88 9
87 149 3
87 146 10
87 94 4
87 136 2
87 109 5
87 92 10
87 125 2
88 119 10
88 132 6
88 103 3
88 133 6
88 139 6
88 122 8
88 109 1
88 131 4
88 112 3
88 99 3
88 96 2
88 94 10
88 121 2
88 140 8
88 89 10
88 92 7
88 138 2
88 130 1
88 129 6
88 102 10
88 123 1
88 111 1
88 104 2
88 126 8
88 116 3
88 107 4
88 127 5
88 128 1
88 137 6
88 148 2
88 146 7
88 113 8
88 110 10
88 91 7
88 114 9
88 135 8
88 105 6
88 144 4
88 117 6
88 106 4
88 143 2
88 124 4
88 97 7
88 142 2
88 115 5
88 150 1
88 120 9
88 145 9
88 118 6
88 141 7
88 100 7
88 93 3
89 117 10
89 127 10
89 100 3
89 120 10
89 122 10
89 98 2
89 110 7
89 133 5
89 104 4
89 123 6
89 124 8
89 145 7
89 109 9
89 121 9
89 97 7
89 116 2
89 150 8
89 101 8
89 135 4
89 125 1
89 94 8
89 106 2
89 142 6
89 128 8
89 115 4
89 140 9
89 131 8
89 134 1
89 143 5
89 99 2
89 137 8
89 147 10
89 107 3
89 114 4
89 139 7
89 146 5
89 103 5
89 129 2
89 113 6
89 138 4
89 95 8
89 148 6
89 102 1
89 149 7
89 92 1
89 141 10
89 144 6
89 136 9
89 93 9
89 90 9
89 96 10
89 105 4
89 111 2
89 126 3
90 115 10
90 118 7
90 96 8
90 127 4
90 133 5
90 97 4
90 105 7
90 140 2
90 138 3
90 124 1
90 141 5
90 122 1
90 147 4
90 114 6
90 100 4
90 146 8
90 144 7
90 125 5
90 98 1
90 142 9
90 143 10
90 95 3
90 93 4
90 101 5
90 94 4
90 102 4
90 119 1
90 128 10
90 110 4
90 136 7
90 129 4
90 92 4
90 145 1
90 120 4
90 104 2
90 106 8
90 131 4
90 123 4
90 116 6
90 139 6
90 130 8
90 108 10
90 109 7
90 134 6
90 107 5
90 132 10
90 148 6
90 121 5
90 135 2
90 112 2
90 99 9
90 126 7
90 149 2
90 150 6
91 97 4
91 144 5
91 136 2
91 137 6
91 143 4
91 95 3
91 110 1
91 126 8
91 100 6
91 114 9
91 149 7
91 130 9
91 129 8
91 128 6
91 117 1
91 103 2
91 111 3
91 133 2
91 146 8
91 124 6
91 92 9
91 118 4
91 99 3
91 93 5
91 123 8
91 108 6
91 145 4
91 147 3
91 127 9
91 122 1
91 150 4
91 148 10
91 141 5
91 120 5
91 116 5
91 106 7
91 104 2
91 125 9
91 134 6
91 102 3
91 142 9
91 105 1
91 113 3
91 107 7
91 112 9
91 132 3
91 135 4
91 96 9
91 115 1
91 121 4
91 109 5
91 138 6
91 94 8
91 119 9
91 131 7
92 127 1
92 148 1
92 106 10
92 129 2
92 104 2
92 123 4
92 132 3
92 114 2
92 141 4
92 113 8
92 146 8
92 131 6
92 118 1
92 150 6
92 103 3
92 134 5
92 135 6
92 149 3
92 101 9
92 115 8
92 137 4
92 96 8
92 128 2
92 107 10
92 111 4
92 109 3
92 117 3
92 105 3
92 133 3
92 143 10
92 121 7
92 119 5
92 124 1
92 130 2
92 100 10
92 112 2
92 122 8
92 142 9
92 136 7
92 98 6
92 95 4
92 144 10
92 116 6
92 126 1
92 125 8
92 110 6
92 97 2
92 99 2
92 93 7
92 145 8
92 147 2
92 94 1
92 108 5
93 130 1
93 102 8
93 131 6
93 148 10
93 143 2
93 109 5
93 95 7
93 116 3
93 138 3
93 144 8
93 117 4
93 112 6
93 106 10
93 118 6
93 133 7
93 129 10
93 101 8
93 127 3
93 121 8
93 122 3
93 140 5
93 139 2
93 124 4
93 119 4
93 107 7
93 149 10
93 104 4
93 114 10
93 120 9
93 150 8
93 97 4
93 128 2
93 113 9
93 141 5
93 111 1
93 108 3
93 137 7
93 142 1
93 147 3
93 135 5
93 98 4
93 145 1
93 123 8
93 115 3
93 100 3
93 126 7
93 134 1
93 136 5
94 109 5
94 140 6
94 116 4
94 120 7
94 114 3
94 118 5
94 146 7
94 142 4
94 131 10
94 149 1
94 148 10
94 132 7
94 136 8
94 106 6
94 123 2
94 105 10
94 104 1
94 147 3
94 103 5
94 138 8
94 100 2
94 134 5
94 124 8
94 150 2
94 122 6
94 97 5
94 113 2
94 101 10
94 108 10
94 139 5
94 129 9
94 121 6
94 110 9
94 130 6
94 126 1
94 98 6
94 125 6
94 145 10
94 127 10
94 115 2
94 102 8
94 141 10
94 135 10
94 119 3
94 144 5
94 137 1
94 96 3
94 112 7
94 107 8
94 99 9
94 133 1
94 143 1
95 98 2
95 131 5
95 104 10
95 114 3
95 149 1
95 130 5
95 145 2
95 126 8
95 110 1
95 105 1
95 144 3
95 118 7
95 122 9
95 143 4
95 123 4
95 111 7
95 137 3
95 119 6
95 103 8
95 125 2
95 132 3
95 139 10
95 97 1
95 147 3
95 120 6
95 140 5
95 96 4
95 148 3
95 108 6
95 107 10
95 100 6
95 142 4
95 129 5
95 124 5
95 115 10
95 106 2
95 127 1
95 102 5
95 113 2
95 134 2
95 116 4
95 138 7
95 135 3
95 109 8
95 99 1
95 141 4
95 112 6
95 101 8
96 125 10
96 102 2
96 143 7
96 141 4
96 128 8
96 126 10
96 140 2
96 115 9
96 116 3
96 146 10
96 142 10
96 111 4
96 137 8
96 110 5
96 120 6
96 98 1
96 145 6
96 107 6
96 105 8
96 124 1
96 131 3
96 97 10
96 132 6
96 138 10
96 148 4
96 133 2
96 149 3
96 139 6
96 136 10
96 121 2
96 135 8
96 100 2
96 129 1
96 119 1
96 104 2
96 147 8
96 123 8
96 109 6
96 101 3
96 106 9
96 113 6
96 134 8
96 122 10
96 127 7
96 144 2
96 150 5
96 118 10
96 108 2
96 103 3
96 117 5
96 112 10
96 130 6
96 99 1
97 149 10
97 135 6
97 111 3
97 113 5
97 109 4
97 128 10
97 124 8
97 146 1
97 119 9
97 117 9
97 122 4
97 116 1
97 137 3
97 100 4
97 134 10
97 139 1
97 121 4
97 145 7
97 130 10
97 142 10
97 138 2
97 132 2
97 103 4
97 99 1
97 107 7
97 106 4
97 112 7
97 118 5
97 98 4
97 136 3
97 105 1
97 123 8
97 131 2
97 133 1
97 127 10
97 148 8
97 141 8
97 115 9
97 144 7
97 129 5
97 102 3
97 101 5
97 125 7
97 150 7
97 126 7
97 114 8
98 135 8
98 106 8
98 128 8
98 124 7
98 130 6
98 140 8
98 109 8
98 132 4
98 139 10
98 150 3
98 108 5
98 110 10
98 129 2
98 148 2
98 134 3
98 100 5
98 114 10
98 99 1
98 125 2
98 143 10
98 111 8
98 112 4
98 107 1
98 116 4
98 118 7
98 142 10
98 117 4
98 103 4
98 115 6
98 127 9
98 120 4
98 138 9
98 147 7
98 113 4
98 104 7
98 136 9
98 122 9
98 144 10
98 133 3
98 146 2
98 123 2
98 121 9
98 145 6
98 137 3
99 101 2
99 103 8
99 105 2
99 128 7
99 113 5
99 147 3
99 134 2
99 144 5
99 108 5
99 150 2
99 115 9
99 125 6
99 109 5
99 112 2
99 132 6
99 126 7
99 146 7
99 121 5
99 137 9
99 100 8
99 107 7
99 145 2
99 111 4
99 149 6
99 119 7
99 114 1
99 110 5
99 102 10
99 116 6
99 131 2
99 148 5
99 117 2
99 124 5
99 139 4
99 143 7
99 106 3
99 130 9
99 140 2
99 142 5
99 135 5
99 118 8
99 138 9
99 127 10
99 129 2
99 136 6
99 123 5
100 148 8
100 121 9
100 103 9
100 144 3
100 124 1
100 131 9
100 118 4
100 140 1
100 117 6
100 149 5
100 116 10
100 125 8
100 105 6
100 143 5
100 122 10
100 120 3
100 114 8
100 101 10
100 132 2
100 115 6
100 130 8
100 146 6
100 135 9
100 104 3
100 145 2
100 126 9
100 134 2
100 110 1
100 108 2
100 128 2
100 112 6
100 123 4
100 147 8
100 139 6
100 113 7
100 142 5
100 119 8
100 106 2
100 133 6
100 138 9
100 136 3
101 119 8
101 121 1
101 149 9
101 128 4
101 144 9
101 114 4
101 122 9
101 140 10
101 102 10
101 118 10
101 126 5
101 132 5
101 131 9
101 147 7
101 109 1
101 148 8
101 124 6
101 104 4
101 142 1
101 146 3
101 117 3
101 150 5
101 134 7
101 145 8
101 143 6
101 105 2
101 137 7
101 141 8
101 127 9
101 123 7
101 115 7
101 133 6
101 111 7
101 138 8
101 120 6
101 116 6
101 135 6
101 113 7
101 108 6
101 130 2
101 103 2
101 106 10
102 139 9
102 119 7
102 103 10
102 114 7
102 112 8
102 105 8
102 117 3
102 111 7
102 128 2
102 143 1
102 134 6
102 148 3
102 110 8
102 115 2
102 104 2
102 121 10
102 146 8
102 147 6
102 144 4
102 142 5
102 130 4
102 108 2
102 138 1
102 133 3
102 136 8
102 109 7
102 123 1
102 125 5
102 135 6
102 116 4
102 124 7
102 137 7
102 150 7
102 131 10
102 106 9
102 141 7
102 140 6
102 127 5
102 107 8
102 145 10
102 132 7
102 113 4
102 122 9
103 133 3
103 126 7
103 144 7
103 121 8
103 108 1
103 149 6
103 134 3
103 143 7
103 107 7
103 124 1
103 120 3
103 145 6
103 125 3
103 110 7
103 130 2
103 118 5
103 116 1
103 113 1
103 114 10
103 127 6
103 150 6
103 147 3
103 135 8
103 122 10
103 142 10
103 128 9
103 140 1
103 131 2
103 117 2
103 109 8
103 148 6
103 105 10
103 104 9
103 132 7
103 123 3
103 146 8
103 139 8
103 106 6
103 129 9
103 112 2
103 111 7
103 137 10
104 129 6
104 119 2
104 141 5
104 108 7
104 145 9
104 146 2
104 149 7
104 136 2
104 126 2
104 135 9
104 143 5
104 106 7
104 128 7
104 130 6
104 122 6
104 120 4
104 117 9
104 125 4
104 132 1
104 116 10
104 127 1
104 150 2
104 113 10
104 112 3
104 140 2
104 133 4
104 110 1
104 105 2
104 131 1
104 144 4
104 134 8
104 148 2
104 142 1
104 147 5
104 115 10
104 121 5
104 124 4
104 111 10
104 139 4
104 109 5
104 123 1
104 114 8
105 113 9
105 116 9
105 125 4
105 130 2
105 133 4
105 148 6
105 121 6
105 120 5
105 143 4
105 131 6
105 137 7
105 115 6
105 145 10
105 118 2
105 134 6
105 109 2
105 111 4
105 117 2
105 108 7
105 112 9
105 140 6
105 110 5
105 128 2
105 138 3
105 126 10
105 142 8
105 141 7
105 135 6
105 146 4
105 150 6
105 144 3
105 119 2
105 122 3
105 136 2
105 123 4
105 147 2
105 107 9
105 114 3
106 127 7
106 128 4
106 113 4
106 146 8
106 118 6
106 126 7
106 120 7
106 119 6
106 137 2
106 111 5
106 107 3
106 145 10
106 135 7
106 109 6
106 149 9
106 123 2
106 110 5
106 132 4
106 125 5
106 150 9
106 116 2
106 136 7
106 129 1
106 139 1
106 117 2
106 122 2
106 133 8
106 144 5
106 114 8
106 115 7
106 148 3
106 131 4
106 141 2
106 138 4
106 147 1
106 112 5
106 108 2
106 121 9
107 149 5
107 130 8
107 144 4
107 125 4
107 119 3
107 133 6
107 146 1
107 121 8
107 138 6
107 114 4
107 113 4
107 147 3
107 115 7
107 118 3
107 111 7
107 131 4
107 136 8
107 108 1
107 137 9
107 117 9
107 120 10
107 112 1
107 129 6
107 123 6
107 142 2
107 128 8
107 139 1
107 132 6
107 141 7
107 134 3
107 135 1
107 148 10
107 109 6
107 145 8
107 110 5
107 127 10
107 116 10
107 150 5
108 128 10
108 132 7
108 130 2
108 122 4
108 114 4
108 142 8
108 148 4
108 146 8
108 133 4
108 111 8
108 143 5
108 109 5
108 136 5
108 140 8
108 125 2
108 137 3
108 123 6
108 113 10
108 121 7
108 112 8
108 147 10
108 119 4
108 117 8
108 145 6
108 115 8
108 134 3
108 144 10
108 126 9
108 149 7
108 141 9
108 138 2
108 127 9
108 116 2
108 120 6
108 135 8
109 144 8
109 138 10
109 146 4
109 119 4
109 143 10
109 115 4
109 145 10
109 128 8
109 118 7
109 117 9
109 125 2
109 120 5
109 149 2
109 142 2
109 114 7
109 116 9
109 130 1
109 148 5
109 127 5
109 111 2
109 136 2
109 124 10
109 140 10
109 129 10
109 147 7
109 121 9
109 139 9
109 134 7
109 126 9
109 135 4
109 132 1
109 113 9
109 123 3
109 141 8
109 137 6
110 144 9
110 111 8
110 113 9
110 147 8
110 133 8
110 119 3
110 148 6
110 143 4
110 129 4
110 116 7
110 118 8
110 136 1
110 141 5
110 122 6
110 142 10
110 145 6
110 150 10
110 115 6
110 120 3
110 121 5
110 130 5
110 127 1
110 126 1
110 137 5
110 140 5
110 123 7
110 114 5
110 128 6
110 112 7
110 132 4
110 131 3
110 135 1
110 139 6
110 146 5
111 150 7
111 129 10
111 116 5
111 125 9
111 140 6
111 128 8
111 146 7
111 130 1
111 117 8
111 118 6
111 147 4
111 144 4
111 149 5
111 134 9
111 127 5
111 131 1
111 148 6
111 141 1
111 112 1
111 133 6
111 121 8
111 124 3
111 142 7
111 122 8
111 126 1
111 120 10
111 139 5
111 143 5
111 137 10
111 119 3
111 123 6
112 125 10
112 135 1
112 124 5
112 118 2
112 122 4
112 145 3
112 133 9
112 149 5
112 115 2
112 117 4
112 147 7
112 131 3
112 146 1
112 119 7
112 123 5
112 116 2
112 121 8
112 129 9
112 127 6
112 128 3
112 142 6
112 136 9
112 148 1
112 141 2
112 126 4
112 132 7
112 120 4
112 143 9
112 134 7
112 137 1
112 144 6
112 139 10
112 140 7
112 130 8
113 141 1
113 138 4
113 117 10
113 149 5
113 115 1
113 142 7
113 135 8
113 126 8
113 116 2
113 119 10
113 127 8
113 147 3
113 132 4
113 148 2
113 145 4
113 137 2
113 134 2
113 130 1
113 139 8
113 123 8
113 143 10
113 118 2
113 125 2
113 129 9
113 122 4
113 128 9
113 136 6
113 140 3
113 124 5
113 131 3
113 121 9
113 114 4
113 150 8
113 120 5
113 133 9
114 140 1
114 134 2
114 148 2
114 125 5
114 135 7
114 129 7
114 141 1
114 136 7
114 121 1
114 115 8
114 150 7
114 142 9
114 143 5
114 128 4
114 130 8
114 119 6
114 127 8
114 120 10
114 122 2
114 137 3
114 147 6
114 123 4
114 118 7
114 149 8
114 131 6
114 126 1
114 116 5
114 139 3
115 122 8
115 147 5
115 142 4
115 138 3
115 140 9
115 130 5
115 149 6
115 145 7
115 132 8
115 144 6
115 120 10
115 127 6
115 134 7
115 126 9
115 125 4
115 129 4
115 128 4
115 148 1
115 116 4
115 135 8
115 121 6
115 139 7
115 119 2
115 133 4
115 124 3
115 150 6
115 131 5
115 137 1
115 118 6
115 136 3
115 117 9
115 123 9
115 143 2
115 141 3
115 146 10
116 120 8
116 126 5
116 138 6
116 137 9
116 117 4
116 119 9
116 143 5
116 127 1
116 130 9
116 125 8
116 139 7
116 128 6
116 121 4
116 146 9
116 150 7
116 133 8
116 132 10
116 135 6
116 118 8
116 136 5
116 140 7
116 147 6
116 141 7
116 129 6
116 124 4
116 148 2
116 149 2
116 134 1
116 145 2
116 144 4
116 142 4
116 122 4
117 146 10
117 136 1
117 134 6
117 135 8
117 132 1
117 142 4
117 148 9
117 131 9
117 147 5
117 138 4
117 118 8
117 122 7
117 120 10
117 144 10
117 126 6
117 119 6
117 137 4
117 133 6
117 127 6
117 145 4
117 123 8
117 129 5
117 143 7
117 149 3
117 125 6
117 141 3
117 139 7
117 150 4
117 121 10
117 124 1
118 127 5
118 149 4
118 120 3
118 146 10
118 132 2
118 136 4
118 121 10
118 131 9
118 129 6
118 138 3
118 145 1
118 135 8
118 148 2
118 133 6
118 144 3
118 126 9
118 123 2
118 134 6
118 128 10
118 125 2
118 142 1
118 119 1
118 137 10
118 124 5
118 150 7
118 141 4
118 122 6
118 139 6
119 139 5
119 143 1
119 148 10
119 126 7
119 145 1
119 136 6
119 141 6
119 132 1
119 146 2
119 149 10
119 128 2
119 134 9
119 144 5
119 123 9
119 125 10
119 133 3
119 140 7
119 120 7
119 142 10
119 124 8
119 150 4
119 121 4
119 147 7
119 130 10
119 138 1
119 127 5
119 131 3
119 122 1
119 135 8
120 128 2
120 133 1
120 129 1
120 140 1
120 149 1
120 142 7
120 126 9
120 125 10
120 144 5
120 121 7
120 131 4
120 130 6
120 141 2
120 138 6
120 135 10
120 123 8
120 127 3
120 145 7
120 147 8
120 134 4
120 150 4
120 136 7
120 146 5
120 124 7
120 132 2
120 139 10
120 143 10
120 148 2
120 137 10
120 122 3
121 126 6
121 140 4
121 149 5
121 125 10
121 142 9
121 124 1
121 139 2
121 133 2
121 134 1
121 122 9
121 128 1
121 127 8
121 150 10
121 147 1
121 131 6
121 146 10
121 123 1
121 138 9
121 148 3
121 130 9
121 144 4
121 132 9
121 141 6
121 145 2
121 137 5
121 136 7
121 135 1
121 143 10
122 130 4
122 129 6
122 139 5
122 145 1
122 147 8
122 143 1
122 127 8
122 124 6
122 128 8
122 126 5
122 123 3
122 138 9
122 142 4
122 133 4
122 149 3
122 150 10
122 132 8
122 131 5
122 148 8
122 134 10
122 140 4
122 141 4
122 144 1
122 125 10
122 136 8
123 139 6
123 130 3
123 135 9
123 131 3
123 145 5
123 143 10
123 134 9
123 146 9
123 148 6
123 142 2
123 133 2
123 137 3
123 147 4
123 132 6
123 127 6
123 125 6
123 149 5
123 140 6
123 138 10
123 129 8
123 124 8
123 150 7
123 136 7
123 144 10
123 126 8
124 144 3
124 139 10
124 129 8
124 145 9
124 149 2
124 141 5
124 130 6
124 137 4
124 125 5
124 135 4
124 134 7
124 143 8
124 140 1
124 136 5
124 128 4
124 127 10
124 138 5
124 146 10
124 126 2
124 150 6
124 132 1
124 133 6
124 142 10
125 127 7
125 133 8
125 150 4
125 148 10
125 136 1
125 134 7
125 143 10
125 135 9
125 142 2
125 137 5
125 139 5
125 149 3
125 144 9
125 131 4
125 141 2
125 138 10
125 140 2
125 128 3
125 129 3
125 145 2
125 147 7
125 146 8
125 130 7
125 126 1
125 132 1
126 141 5
126 148 10
126 132 8
126 145 2
126 147 5
126 135 5
126 139 5
126 136 3
126 143 4
126 138 4
126 144 5
126 149 2
126 150 5
126 142 5
126 129 5
126 127 10
126 140 5
126 131 3
126 133 1
126 137 10
126 146 7
127 141 8
127 138 5
127 131 6
127 132 4
127 143 9
127 135 9
127 133 6
127 129 1
127 137 4
127 145 2
127 146 9
127 136 7
127 130 3
127 142 3
127 150 1
127 134 9
127 128 2
127 148 8
127 139 6
127 140 8
127 144 3
127 149 6
127 147 10
128 135 7
128 140 7
128 132 6
128 147 10
128 134 7
128 139 6
128 145 3
128 142 4
128 130 4
128 148 3
128 129 9
128 136 4
128 150 3
128 133 4
128 131 4
128 144 1
128 143 2
128 146 2
128 141 1
129 137 5
129 142 9
129 145 4
129 136 4
129 138 9
129 149 8
129 147 10
129 134 8
129 144 3
129 140 5
129 150 7
129 148 5
129 139 5
129 135 4
129 133 9
129 141 1
129 143 2
129 132 6
129 146 3
130 142 7
130 132 3
130 134 2
130 144 2
130 145 3
130 137 8
130 143 6
130 136 2
130 148 7
130 135 5
130 133 6
130 146 4
130 141 1
130 147 3
130 138 7
131 141 5
131 150 6
131 144 3
131 145 3
131 132 5
131 134 4
131 135 3
131 142 9
131 149 6
131 138 3
131 133 2
131 143 10
131 140 10
131 147 9
131 137 3
131 139 4
131 148 9
132 138 10
132 144 1
132 140 9
132 149 2
132 133 2
132 148 7
132 146 8
132 147 10
132 143 8
132 142 4
132 135 7
132 145 4
132 134 9
132 141 2
132 136 6
132 139 8
133 134 10
133 144 1
133 142 2
133 145 10
133 135 4
133 136 9
133 143 1
133 148 4
133 146 10
133 150 10
133 140 4
133 147 8
133 137 4
134 135 1
134 140 7
134 148 5
134 139 2
134 144 3
134 137 4
134 146 5
134 141 5
134 136 4
134 147 10
134 149 6
134 138 6
134 143 2
134 145 6
135 140 2
135 149 7
135 142 4
135 146 7
135 137 6
135 143 7
135 144 3
135 150 2
135 147 1
135 138 3
135 139 9
135 141 8
135 136 2
135 148 3
136 141 5
136 147 3
136 140 3
136 144 10
136 143 10
136 150 5
136 146 7
136 139 10
136 142 5
136 138 9
136 149 3
136 148 6
137 142 6
137 140 8
137 147 8
137 141 4
137 144 8
137 149 7
137 150 9
137 139 1
137 148 6
137 138 2
137 143 9
138 143 9
138 144 5
138 149 10
138 146 10
138 148 8
138 141 7
138 147 4
138 145 10
138 139 3
138 140 1
138 142 4
138 150 7
139 142 5
139 145 1
139 150 9
139 147 1
139 140 6
139 146 3
139 148 2
139 141 6
140 142 7
140 145 2
140 144 10
140 148 5
140 143 8
140 147 3
140 150 9
140 149 8
140 146 10
141 144 4
141 148 10
141 147 5
141 146 2
141 145 4
141 150 6
141 142 1
142 148 3
142 147 1
142 145 8
142 144 2
142 146 5
142 150 8
142 149 6
142 143 3
143 146 8
143 144 6
143 145 7
143 150 3
144 147 4
144 149 8
144 148 1
144 146 6
144 150 8
144 145 5
145 147 1
145 146 7
145 149 2
145 150 8
145 148 6
146 150 8
146 147 8
146 149 3
146 148 8
147 149 9
147 150 9
147 148 10
148 149 6
148 150 4
149 150 7
