150 5588 
1 83 10
1 105 5
1 89 -8
1 44 5
1 128 4
1 13 -10
1 31 -6
1 82 9
1 54 -9
1 12 -2
1 129 1
1 25 5
1 65 -2
1 86 10
1 47 -1
1 38 -3
1 67 5
1 132 8
1 87 2
1 55 -2
1 27 6
1 106 1
1 112 1
1 138 -10
1 72 -6
1 85 10
1 134 2
1 28 -2
1 148 -6
1 24 6
1 22 -2
1 59 10
1 68 10
1 71 -3
1 124 -10
1 107 -7
1 104 -8
1 8 -4
1 30 3
1 111 4
1 26 -9
1 69 -8
1 3 -3
1 95 -1
1 118 7
1 137 -6
1 60 9
1 120 -6
1 103 3
1 126 -8
1 9 2
1 64 1
1 75 -6
1 121 -8
1 70 6
1 40 1
1 66 -6
1 33 7
1 11 -8
1 113 -7
1 136 9
1 93 -10
1 46 9
1 96 7
1 32 -7
1 150 -5
1 5 -7
1 7 -4
1 88 8
1 142 5
1 116 7
1 144 -9
1 114 -4
1 81 10
1 43 -5
2 48 9
2 9 6
2 28 10
2 145 -1
2 72 -1
2 129 1
2 52 -2
2 74 3
2 86 1
2 149 -6
2 142 -4
2 100 -8
2 25 -3
2 78 -5
2 40 -2
2 63 2
2 122 -8
2 108 -6
2 19 7
2 83 3
2 23 4
2 26 2
2 51 5
2 47 -7
2 116 10
2 27 6
2 29 4
2 50 2
2 35 6
2 104 1
2 146 -4
2 55 8
2 98 6
2 15 4
2 16 10
2 132 4
2 113 -3
2 150 0
2 110 1
2 90 3
2 39 1
2 95 2
2 13 -1
2 33 4
2 97 5
2 64 10
2 103 7
2 93 -8
2 65 4
2 105 7
2 138 9
2 130 -1
2 57 10
2 66 0
2 73 -2
2 12 5
2 96 5
2 49 -8
2 62 9
2 120 10
2 79 10
2 133 -3
2 56 4
2 115 3
2 99 -2
2 84 1
2 77 2
2 126 -7
2 34 1
2 144 -4
2 101 -1
2 118 -6
2 76 -6
2 37 9
2 85 9
2 143 3
2 32 -1
2 114 2
2 46 8
2 75 -6
3 68 -7
3 132 8
3 70 3
3 73 2
3 143 2
3 92 -9
3 87 -9
3 82 -10
3 101 7
3 35 -5
3 6 -1
3 126 0
3 15 5
3 142 -8
3 40 -4
3 137 8
3 39 9
3 81 3
3 90 8
3 122 6
3 26 -6
3 76 -10
3 17 1
3 32 10
3 66 -3
3 22 4
3 51 3
3 141 0
3 16 5
3 89 5
3 50 -4
3 116 0
3 145 -9
3 9 7
3 147 -3
3 21 8
3 77 6
3 94 -1
3 63 -3
3 84 6
3 79 4
3 103 9
3 119 9
3 60 -9
3 125 8
3 139 9
3 49 4
3 25 5
3 48 2
3 85 -5
3 30 9
3 61 0
3 131 6
3 43 6
3 148 1
3 80 -3
3 57 -9
3 71 -6
3 115 5
3 117 -6
3 113 4
3 129 -3
3 109 -4
3 11 5
3 149 -10
3 150 -3
3 118 -6
3 144 -10
3 88 5
3 10 8
3 98 8
3 20 0
4 51 -7
4 97 -1
4 120 -1
4 140 -1
4 141 -2
4 41 3
4 12 -5
4 115 -2
4 103 -6
4 127 0
4 52 -4
4 53 8
4 84 -2
4 58 5
4 17 0
4 77 4
4 29 -5
4 112 -6
4 85 -2
4 117 7
4 121 -2
4 114 1
4 20 -8
4 14 1
4 24 0
4 138 -1
4 123 -3
4 134 6
4 21 3
4 96 9
4 36 7
4 40 -9
4 148 0
4 118 -5
4 89 -4
4 46 8
4 86 -3
4 67 2
4 44 -8
4 147 0
4 108 2
4 11 -5
4 109 0
4 111 -9
4 39 -9
4 119 9
4 27 4
4 30 -9
4 83 -6
4 73 1
4 26 8
4 68 6
4 92 6
4 25 8
4 135 -9
4 60 -10
4 95 -6
4 15 -8
4 129 -2
4 33 3
4 143 4
4 62 9
4 47 0
4 124 -7
4 63 4
4 34 -3
4 150 0
4 45 4
4 59 -2
4 54 6
4 137 0
5 40 -9
5 32 -5
5 130 6
5 89 -7
5 10 -9
5 52 -8
5 133 -8
5 26 1
5 73 -7
5 128 -5
5 104 -1
5 90 -7
5 91 8
5 46 -9
5 29 -3
5 149 9
5 85 -7
5 96 7
5 112 10
5 103 0
5 115 5
5 150 -1
5 84 5
5 146 -4
5 55 -6
5 119 10
5 136 3
5 122 4
5 66 -1
5 123 1
5 82 -8
5 58 -1
5 21 4
5 6 -8
5 74 7
5 141 6
5 87 1
5 62 -2
5 18 2
5 51 -9
5 53 0
5 106 3
5 44 -10
5 17 1
5 68 -2
5 48 3
5 56 2
5 72 -4
5 19 -9
5 37 6
5 50 1
5 97 1
5 33 8
5 43 1
5 27 -3
5 35 3
5 45 1
5 67 1
5 77 -7
5 101 -10
5 99 -3
5 34 0
5 127 2
5 109 -9
5 59 7
5 144 2
5 120 0
5 81 -8
5 105 -4
5 113 -2
5 78 9
5 30 10
5 14 5
5 124 2
5 93 10
5 116 -7
5 9 1
6 150 -3
6 66 -5
6 136 1
6 39 5
6 74 -5
6 122 -8
6 57 -9
6 41 6
6 89 3
6 63 -2
6 126 -8
6 60 -2
6 25 -3
6 54 -9
6 85 -1
6 141 -2
6 71 -1
6 21 6
6 94 6
6 87 10
6 138 -4
6 12 10
6 69 2
6 55 7
6 76 5
6 84 7
6 114 10
6 38 -6
6 47 -8
6 137 6
6 123 8
6 70 6
6 131 -2
6 130 -7
6 92 4
6 28 5
6 16 2
6 100 7
6 148 -8
6 82 -8
6 9 -7
6 81 -2
6 143 7
6 111 6
6 7 5
6 146 4
6 109 9
6 31 7
6 40 10
6 68 0
6 34 -8
6 72 4
6 103 -1
6 19 6
6 93 -10
6 35 6
6 37 10
6 104 2
6 27 10
6 102 7
6 91 2
6 14 -4
6 80 -3
6 101 -2
7 122 10
7 150 -6
7 117 -4
7 91 4
7 125 4
7 32 -8
7 100 -4
7 22 4
7 11 0
7 70 -3
7 110 1
7 49 3
7 127 5
7 8 10
7 24 -1
7 51 1
7 25 -8
7 136 5
7 134 9
7 62 3
7 68 0
7 76 4
7 129 5
7 95 -5
7 36 1
7 92 9
7 106 -8
7 15 6
7 88 -2
7 142 -1
7 147 -8
7 39 6
7 12 -4
7 18 1
7 71 -1
7 64 6
7 144 -5
7 82 3
7 121 0
7 107 -6
7 28 7
7 119 -5
7 97 -2
7 66 2
7 43 -4
7 33 -4
7 63 -7
7 101 -5
7 146 3
7 57 6
7 98 5
7 60 9
7 84 -1
7 109 4
7 86 -8
7 29 -3
7 137 -3
7 78 -2
7 46 -3
7 123 -7
7 69 3
7 14 -7
7 108 8
7 20 -2
7 124 -6
7 42 6
7 53 1
7 131 0
7 50 5
7 26 5
8 12 7
8 92 3
8 116 -8
8 34 -9
8 83 6
8 21 -5
8 140 7
8 87 -8
8 19 -8
8 68 3
8 16 10
8 56 -10
8 20 -3
8 101 3
8 145 0
8 67 -5
8 62 9
8 120 -6
8 39 -5
8 146 6
8 147 -8
8 10 -5
8 52 -3
8 117 7
8 11 7
8 61 0
8 13 5
8 141 8
8 71 8
8 126 -3
8 124 8
8 130 3
8 48 -7
8 108 9
8 64 10
8 63 -6
8 25 -1
8 65 6
8 55 -9
8 15 8
8 137 3
8 150 -4
8 107 7
8 53 -4
8 73 0
8 100 -8
8 122 6
8 127 -6
8 28 1
8 66 -3
8 111 -3
8 85 0
8 74 8
8 128 -1
8 47 4
8 133 -4
8 22 -5
8 135 -7
8 37 5
8 46 -2
8 42 1
8 41 4
8 95 -6
8 84 0
8 58 5
8 69 -9
8 51 2
8 36 -7
8 49 4
8 79 1
8 99 -2
8 31 4
8 98 10
9 135 8
9 97 1
9 62 -9
9 29 5
9 130 -4
9 37 -9
9 141 1
9 54 -2
9 90 -9
9 49 -3
9 82 -2
9 140 5
9 112 -5
9 119 9
9 124 3
9 22 9
9 35 -10
9 31 -1
9 93 -4
9 34 10
9 114 10
9 147 8
9 107 6
9 117 1
9 10 -2
9 21 7
9 122 -6
9 127 -3
9 99 4
9 85 -7
9 109 8
9 72 -4
9 70 -8
9 28 9
9 80 -5
9 44 9
9 64 9
9 148 -4
9 58 -6
9 57 -1
9 14 8
9 42 8
9 60 -5
9 74 -8
9 88 2
9 68 -8
9 81 10
9 59 8
9 103 1
9 83 0
9 39 -4
9 66 6
9 98 -8
9 129 -7
9 26 4
9 46 -9
9 12 -3
9 33 4
9 128 5
9 55 3
9 19 8
9 116 -8
9 150 -7
9 108 5
10 21 10
10 111 3
10 44 -4
10 144 2
10 68 3
10 116 -2
10 91 8
10 131 -4
10 55 -7
10 103 6
10 117 -2
10 38 6
10 70 -2
10 114 -3
10 119 -6
10 79 -7
10 107 10
10 132 -4
10 28 6
10 77 10
10 104 6
10 121 3
10 52 1
10 22 4
10 112 1
10 85 8
10 34 -9
10 106 -6
10 122 -9
10 51 -5
10 71 7
10 142 7
10 69 0
10 30 10
10 89 -3
10 57 -5
10 48 9
10 102 -1
10 80 -1
10 105 -5
10 17 10
10 65 -10
10 100 2
10 31 7
10 141 -2
10 64 -5
10 75 6
10 109 1
10 62 0
10 27 -2
10 26 10
10 40 7
10 128 -5
10 113 10
10 39 5
10 146 -9
10 133 -2
10 93 -2
10 53 6
10 108 -1
10 67 -4
10 29 1
10 118 1
10 36 -4
10 125 1
10 25 -2
10 123 -4
10 49 -4
10 42 3
11 95 0
11 39 7
11 17 4
11 99 -3
11 40 -5
11 129 5
11 149 5
11 43 2
11 124 -10
11 49 -8
11 111 -5
11 12 -5
11 109 -9
11 24 -7
11 14 -1
11 74 9
11 38 6
11 101 -4
11 68 10
11 97 1
11 53 6
11 91 8
11 82 8
11 128 5
11 120 7
11 86 -1
11 83 -4
11 133 10
11 143 1
11 79 -3
11 18 -7
11 44 -7
11 147 3
11 144 2
11 62 -4
11 138 5
11 107 -10
11 48 -9
11 110 5
11 69 -1
11 36 -7
11 105 3
11 100 1
11 77 -1
11 51 4
11 130 -2
11 116 -9
11 63 5
11 22 5
11 28 9
11 60 4
11 23 -9
11 75 -9
11 92 0
11 103 10
11 66 -8
11 142 -3
11 123 3
11 73 4
11 58 9
11 64 -8
11 65 -6
11 31 9
11 80 -6
11 41 -6
11 119 -4
11 112 6
11 15 6
11 56 7
11 108 -4
11 46 2
11 47 5
11 76 9
11 134 4
11 37 -7
11 57 -3
12 136 9
12 62 5
12 32 4
12 144 -2
12 75 0
12 42 -7
12 60 4
12 72 -3
12 79 3
12 106 1
12 46 6
12 98 9
12 18 9
12 115 -9
12 21 0
12 54 -2
12 93 -1
12 139 -7
12 78 -1
12 80 -9
12 58 -2
12 43 -2
12 47 0
12 124 1
12 76 -9
12 63 -7
12 94 -9
12 27 -1
12 142 10
12 22 -5
12 50 -4
12 77 -4
12 26 5
12 49 5
12 120 -5
12 87 -7
12 37 4
12 71 -9
12 31 -9
12 73 0
12 35 3
12 104 -5
12 56 3
12 16 9
12 116 9
12 23 -4
12 122 2
12 86 2
12 66 -9
12 127 -5
12 105 8
12 140 5
12 34 -7
12 141 -1
12 88 3
12 69 -7
12 131 -9
12 147 -3
12 111 8
12 85 -4
12 30 10
12 48 5
12 103 10
12 14 3
12 137 2
12 109 4
12 107 2
12 81 -2
12 99 -2
12 59 2
13 118 -4
13 17 -5
13 31 -3
13 51 -3
13 112 10
13 22 -6
13 83 3
13 44 5
13 37 7
13 59 6
13 30 4
13 19 -1
13 125 1
13 145 -4
13 35 -6
13 84 -9
13 26 -2
13 121 -8
13 143 -9
13 79 -4
13 150 -8
13 117 2
13 95 8
13 105 -3
13 14 9
13 55 6
13 66 7
13 20 -8
13 99 -4
13 137 0
13 16 4
13 58 6
13 82 10
13 138 10
13 52 1
13 139 7
13 114 -1
13 54 5
13 102 -6
13 87 -2
13 71 1
13 78 3
13 133 6
13 113 -9
13 39 -9
13 148 -6
13 131 -6
13 46 5
13 142 4
13 48 10
13 80 -1
13 43 1
13 90 5
13 63 -1
13 41 3
13 103 7
13 56 3
13 72 -8
13 33 7
13 135 -9
13 97 -2
13 93 -1
13 98 -5
13 36 -5
13 88 5
13 57 1
13 23 4
13 140 9
13 127 -5
13 115 8
14 20 1
14 45 -3
14 64 -9
14 139 -7
14 119 5
14 36 4
14 108 10
14 145 7
14 87 -1
14 50 6
14 37 8
14 105 4
14 75 6
14 84 -7
14 98 9
14 92 -4
14 57 8
14 59 -8
14 103 4
14 41 7
14 65 -9
14 88 1
14 135 10
14 94 5
14 122 -8
14 74 4
14 112 3
14 99 9
14 116 2
14 97 1
14 25 3
14 125 -9
14 101 9
14 29 -5
14 61 -10
14 104 -5
14 127 -1
14 34 -5
14 123 4
14 47 -2
14 83 9
14 38 10
14 102 -2
14 70 5
14 60 8
14 72 -10
14 62 8
14 56 2
14 68 -4
14 100 8
14 143 -8
14 42 8
14 63 0
14 33 1
14 120 4
14 69 -7
14 117 7
14 106 1
14 23 -7
14 53 -8
14 131 5
14 43 -4
14 51 7
15 99 4
15 110 1
15 27 -8
15 83 -7
15 23 -10
15 81 8
15 103 -9
15 78 -1
15 54 5
15 75 -10
15 66 10
15 32 8
15 126 -3
15 38 -1
15 92 0
15 79 -8
15 35 9
15 138 2
15 74 -3
15 71 -8
15 76 3
15 140 10
15 42 4
15 132 -10
15 43 6
15 105 -3
15 41 8
15 141 1
15 31 8
15 21 -4
15 104 8
15 45 10
15 52 -5
15 131 -8
15 60 5
15 129 -9
15 106 5
15 59 -8
15 17 2
15 100 5
15 87 -4
15 44 -6
15 98 -4
15 56 7
15 146 -9
15 120 2
15 128 10
15 62 -9
15 94 -7
15 68 9
15 86 1
15 22 -8
15 137 8
15 69 2
15 123 -9
15 124 2
15 28 6
15 50 -2
15 90 5
15 133 8
15 150 8
15 65 -10
15 97 -7
15 93 -10
15 67 9
15 48 -2
15 58 7
15 33 0
15 64 -2
15 122 -1
15 108 -8
15 96 5
15 134 -5
15 39 -10
15 109 3
16 70 -10
16 50 8
16 56 7
16 51 8
16 109 -8
16 64 6
16 25 5
16 150 1
16 114 -7
16 29 -10
16 24 -9
16 22 -4
16 58 7
16 135 -8
16 149 4
16 86 -7
16 92 10
16 108 -7
16 72 -7
16 63 -10
16 49 -4
16 33 -3
16 148 -1
16 134 0
16 95 3
16 69 -6
16 18 10
16 34 -5
16 119 4
16 96 2
16 93 -10
16 110 -1
16 45 6
16 136 3
16 138 3
16 71 9
16 77 4
16 102 -6
16 90 -2
16 107 2
16 121 -3
16 68 -10
16 52 -1
16 100 10
16 61 -6
16 79 1
16 124 1
16 37 0
16 88 -5
16 146 -3
16 59 -10
16 106 -1
16 115 -2
16 57 -4
16 74 3
16 19 6
16 128 -8
16 97 10
16 21 -1
16 144 6
16 76 -8
16 60 -6
16 127 -1
16 38 -2
17 64 1
17 59 -8
17 73 5
17 35 -9
17 136 7
17 118 10
17 116 -4
17 18 -8
17 70 -7
17 98 -8
17 149 -8
17 104 -2
17 68 10
17 106 5
17 28 -8
17 62 -3
17 29 6
17 137 8
17 108 1
17 82 -1
17 113 4
17 125 -8
17 60 6
17 26 -6
17 90 1
17 80 -2
17 93 -2
17 39 -9
17 67 -10
17 144 -2
17 105 10
17 111 -1
17 22 1
17 25 3
17 101 2
17 55 4
17 100 8
17 114 5
17 123 5
17 46 -8
17 38 6
17 84 8
17 127 -5
17 61 10
17 77 -8
17 147 -10
17 89 4
17 20 4
17 94 -8
17 129 -5
17 143 3
17 53 5
17 97 -4
17 24 -10
17 142 3
17 103 -10
17 131 0
17 134 9
17 138 -2
17 47 3
17 112 4
17 74 7
17 141 6
17 120 -5
17 41 4
17 117 -5
17 107 -6
17 99 1
17 85 -4
17 95 3
17 102 -8
17 52 1
17 19 10
17 92 -6
17 66 -7
17 81 0
18 145 -8
18 61 -6
18 82 -4
18 102 1
18 91 -6
18 33 10
18 90 7
18 55 7
18 83 -7
18 139 1
18 28 10
18 75 -1
18 58 -8
18 97 -5
18 31 -9
18 126 2
18 147 10
18 134 -2
18 85 -2
18 50 3
18 131 -6
18 73 3
18 99 -4
18 51 3
18 148 -8
18 88 2
18 112 9
18 150 -10
18 104 -4
18 25 -1
18 118 -3
18 66 -6
18 32 -5
18 141 1
18 71 2
18 115 -8
18 34 3
18 53 -1
18 124 5
18 41 -4
18 23 8
18 40 -1
18 70 7
18 113 -7
18 87 4
18 59 3
18 116 4
18 133 2
18 65 -10
18 142 -8
18 35 8
18 21 -8
18 89 -9
18 81 -4
18 137 0
18 130 3
18 105 -1
18 67 1
18 27 1
18 86 -3
18 96 3
18 76 -1
18 140 5
18 56 -8
18 119 -4
19 145 9
19 62 -1
19 127 1
19 125 3
19 51 -7
19 150 -1
19 55 1
19 66 9
19 142 -10
19 129 2
19 32 4
19 72 -9
19 74 -6
19 116 -10
19 110 0
19 107 8
19 44 6
19 37 -8
19 79 10
19 31 -1
19 30 0
19 21 -6
19 139 -9
19 85 -3
19 92 -9
19 90 -10
19 40 4
19 111 3
19 33 9
19 122 -5
19 82 -1
19 100 2
19 112 -2
19 57 -9
19 58 1
19 53 4
19 99 -6
19 97 3
19 35 3
19 22 7
19 96 -5
19 45 -10
19 141 -1
19 71 -8
19 80 8
19 43 -9
19 47 -4
19 147 -1
19 24 8
19 67 8
19 68 -6
19 46 9
19 50 -7
19 126 -2
19 89 0
19 95 -4
19 124 6
19 25 0
19 109 -1
19 61 -9
19 88 -4
20 46 -2
20 95 -5
20 79 -7
20 127 -9
20 64 8
20 74 1
20 32 -1
20 119 7
20 76 4
20 37 -7
20 55 -6
20 147 6
20 86 0
20 98 1
20 148 1
20 96 2
20 94 5
20 93 7
20 99 3
20 118 6
20 92 -9
20 102 -4
20 139 -6
20 145 -7
20 134 -5
20 140 4
20 91 10
20 40 3
20 58 9
20 83 1
20 88 6
20 22 -6
20 132 7
20 123 7
20 115 4
20 23 -1
20 67 0
20 106 9
20 89 10
20 65 -9
20 52 9
20 34 8
20 78 6
20 101 -3
20 36 -5
20 62 -1
20 112 3
20 135 10
20 128 -8
20 144 1
20 75 10
20 54 5
20 122 -9
20 50 -10
20 137 1
20 60 5
21 145 6
21 142 10
21 126 9
21 120 -2
21 129 -9
21 45 10
21 149 -10
21 109 -8
21 117 -2
21 90 2
21 64 -8
21 80 1
21 60 10
21 102 0
21 147 3
21 51 -1
21 150 0
21 69 8
21 95 9
21 146 8
21 133 0
21 103 -9
21 22 8
21 54 6
21 31 0
21 108 -6
21 104 -7
21 143 0
21 111 2
21 32 2
21 93 7
21 63 4
21 42 6
21 33 3
21 94 4
21 50 10
21 141 2
21 27 -7
21 84 8
21 139 -3
21 127 -8
21 119 10
21 47 7
21 128 -10
21 70 -8
21 121 -9
21 66 -1
21 130 2
21 96 -1
21 113 0
21 71 -8
21 48 -8
21 36 2
21 99 5
21 131 -9
21 122 7
21 105 5
21 98 0
21 134 8
21 137 0
21 81 9
21 55 9
21 110 -6
22 144 4
22 71 8
22 115 7
22 139 3
22 42 -3
22 35 -3
22 25 4
22 117 3
22 97 3
22 133 -6
22 119 2
22 142 3
22 67 -9
22 88 1
22 134 9
22 101 4
22 56 -9
22 116 -3
22 24 1
22 33 1
22 44 2
22 120 -9
22 109 -6
22 23 9
22 60 7
22 143 7
22 105 -4
22 79 -10
22 64 5
22 54 -7
22 75 6
22 45 10
22 135 2
22 118 2
22 47 5
22 104 2
22 130 -8
22 68 -5
22 113 -5
22 78 -9
22 40 -6
22 122 3
22 129 0
22 39 -5
22 41 -8
22 100 -3
22 92 10
22 102 -4
22 103 8
22 148 -9
22 80 -1
22 140 0
22 34 0
22 150 4
22 121 -8
22 99 0
22 57 1
22 123 -2
22 30 -6
22 43 -1
22 76 -8
22 106 7
22 83 -4
22 27 3
22 98 -5
22 146 8
22 141 3
22 128 10
22 48 0
22 86 0
22 29 -8
22 55 3
22 147 10
22 73 -1
23 63 -1
23 37 -8
23 132 -1
23 33 -5
23 99 -8
23 106 -6
23 95 -3
23 70 1
23 41 1
23 118 9
23 135 -3
23 110 2
23 137 9
23 59 -1
23 38 -4
23 24 4
23 80 2
23 55 4
23 128 -6
23 74 9
23 75 -8
23 30 1
23 91 0
23 79 -1
23 78 -2
23 29 8
23 57 -8
23 56 9
23 46 6
23 138 1
23 142 -6
23 134 -7
23 96 0
23 66 -4
23 68 0
23 36 -4
23 119 -9
23 140 -5
23 67 -2
23 108 -9
23 102 -8
23 121 -1
23 120 -7
23 73 -3
23 27 -9
23 51 6
23 87 -5
23 146 -7
23 85 8
23 28 -5
23 42 -5
23 93 -7
23 49 1
23 97 -3
23 69 10
23 44 -4
23 139 -8
23 77 -6
23 131 -4
23 141 9
23 34 -1
23 149 -2
23 98 -8
23 35 -7
23 147 -1
23 53 4
23 45 1
23 144 6
24 92 0
24 42 8
24 93 -2
24 113 5
24 97 -1
24 143 5
24 84 0
24 123 0
24 66 10
24 47 9
24 35 10
24 144 -6
24 86 7
24 124 6
24 109 8
24 125 6
24 46 4
24 139 4
24 25 -5
24 108 -5
24 41 -6
24 69 -8
24 81 -9
24 94 -5
24 129 -9
24 26 1
24 48 -4
24 138 10
24 78 -5
24 146 2
24 27 1
24 73 3
24 99 2
24 56 2
24 55 2
24 128 -4
24 127 -7
24 111 -1
24 135 -7
24 95 -8
24 40 10
24 117 3
24 62 -10
24 38 -5
24 79 -6
24 121 -2
24 132 -5
24 49 9
24 122 -4
24 96 10
24 107 6
24 80 -5
24 36 -6
24 29 10
24 131 6
24 120 -9
24 119 -9
24 133 5
24 110 9
24 102 -2
24 88 4
24 61 5
24 105 -5
24 115 -5
24 141 7
25 83 -8
25 120 -1
25 125 -2
25 135 7
25 139 -6
25 52 3
25 102 5
25 59 -10
25 107 -1
25 133 9
25 114 6
25 53 0
25 56 4
25 134 -10
25 124 -1
25 122 7
25 115 6
25 80 9
25 94 -7
25 64 -9
25 30 6
25 43 -5
25 49 7
25 31 -6
25 99 8
25 109 8
25 110 -1
25 38 10
25 44 4
25 79 -7
25 36 -9
25 136 4
25 35 9
25 72 -1
25 62 1
25 47 3
25 39 0
25 82 -5
25 69 3
25 29 5
25 91 1
25 26 -9
25 105 -6
25 28 -5
25 88 -2
25 149 -3
25 108 5
25 34 4
25 100 -2
25 58 10
25 42 2
25 113 5
25 150 -9
25 63 2
25 104 -5
26 116 -9
26 30 10
26 32 3
26 128 2
26 125 4
26 118 5
26 108 0
26 36 -3
26 79 10
26 39 8
26 148 -9
26 138 10
26 98 5
26 143 0
26 149 5
26 111 -1
26 83 -7
26 76 3
26 48 -1
26 68 -6
26 33 -8
26 113 -6
26 110 6
26 62 2
26 135 -9
26 41 0
26 137 8
26 141 -3
26 119 1
26 66 9
26 38 -3
26 84 4
26 122 2
26 90 -9
26 134 5
26 34 1
26 81 10
26 120 3
26 123 5
26 109 -2
26 56 5
26 72 -2
26 60 5
26 114 6
26 97 -5
26 54 -8
26 65 7
26 55 0
26 112 -6
26 107 -6
26 103 3
26 150 -8
26 87 -6
26 78 1
26 57 -5
26 89 -2
26 101 -3
26 96 -3
26 144 10
26 52 -4
26 28 -2
26 145 -2
26 117 7
26 31 -3
26 92 -3
26 147 9
27 128 -8
27 121 2
27 105 -5
27 95 -3
27 65 -10
27 64 -6
27 34 -4
27 127 6
27 28 10
27 49 5
27 138 8
27 110 -9
27 87 -10
27 58 6
27 88 3
27 84 -2
27 61 3
27 147 0
27 123 -1
27 125 -8
27 139 3
27 69 5
27 118 1
27 120 -5
27 100 10
27 130 -5
27 149 -5
27 96 -2
27 44 1
27 48 10
27 43 -3
27 101 6
27 33 -5
27 91 8
27 136 -3
27 30 -8
27 52 9
27 132 -1
27 117 -6
27 40 -1
27 80 1
27 124 -3
27 79 -6
27 106 5
27 93 7
27 142 9
27 41 2
27 68 -3
27 59 -10
27 53 -2
27 112 1
27 45 0
27 81 10
27 137 -7
27 126 3
27 29 -1
27 67 3
27 62 -2
27 50 6
27 60 5
27 37 2
27 31 6
28 148 -8
28 99 -6
28 103 2
28 131 8
28 101 -3
28 73 3
28 70 4
28 68 -1
28 106 6
28 139 3
28 49 -4
28 127 -10
28 110 8
28 53 -3
28 41 -2
28 96 -6
28 124 -4
28 76 4
28 126 10
28 112 8
28 116 4
28 56 -4
28 81 3
28 38 1
28 146 4
28 77 -6
28 92 9
28 89 10
28 54 5
28 147 7
28 98 2
28 140 -1
28 69 -2
28 83 9
28 47 7
28 130 10
28 121 -8
28 119 2
28 125 4
28 94 -5
28 42 -5
28 117 -7
28 90 4
28 40 -2
28 58 10
28 71 0
28 91 1
28 78 4
28 50 6
28 84 -9
28 74 -9
28 85 0
28 97 0
28 82 -6
28 87 8
28 150 8
28 142 -9
29 88 5
29 30 3
29 56 -3
29 72 5
29 145 -5
29 120 -3
29 131 -1
29 36 -8
29 66 10
29 135 7
29 31 -7
29 85 3
29 91 2
29 124 5
29 113 -9
29 58 4
29 138 2
29 114 -1
29 106 -4
29 57 -3
29 50 0
29 35 -10
29 94 -3
29 80 -9
29 42 9
29 84 7
29 143 -6
29 48 2
29 64 -9
29 137 -7
29 103 -1
29 79 -10
29 116 -7
29 98 -5
29 46 -6
29 105 7
29 127 8
29 67 -4
29 90 10
29 86 -10
29 139 7
29 122 -3
29 102 7
29 81 2
29 76 -9
29 47 10
29 140 -5
29 110 -7
29 147 -10
29 61 -7
29 123 1
29 45 -5
29 136 1
29 109 -2
29 121 10
29 59 9
29 89 6
29 60 5
30 130 -10
30 125 6
30 80 9
30 39 -9
30 48 -4
30 105 -7
30 118 10
30 149 -7
30 134 -7
30 145 9
30 67 0
30 46 7
30 93 3
30 73 -10
30 45 -9
30 51 -1
30 132 10
30 98 10
30 150 -3
30 97 2
30 102 -8
30 36 3
30 88 -6
30 34 -7
30 119 -3
30 71 -10
30 65 -6
30 32 1
30 87 9
30 101 -4
30 124 7
30 86 8
30 49 -6
30 81 -10
30 35 4
30 44 4
30 42 -10
30 92 -6
30 121 -2
30 31 2
30 91 1
30 111 8
30 107 -8
30 47 1
30 120 10
30 33 -4
30 144 3
30 37 -7
30 95 -3
30 96 -7
30 146 -9
30 64 -10
30 61 -8
30 110 10
30 84 1
30 54 -1
30 41 5
30 103 8
30 128 3
31 127 -2
31 94 -10
31 118 5
31 130 10
31 91 -3
31 143 -7
31 119 -4
31 43 8
31 134 5
31 112 -6
31 100 7
31 65 3
31 107 -2
31 46 -10
31 137 0
31 146 -3
31 40 -5
31 109 6
31 145 3
31 63 10
31 149 -5
31 128 -5
31 45 -9
31 58 5
31 111 1
31 68 -1
31 101 -3
31 35 6
31 50 0
31 84 -3
31 81 2
31 60 -6
31 39 -6
31 139 -6
31 52 -4
31 33 -1
31 121 -2
31 131 -5
31 125 9
31 92 9
31 97 8
31 150 8
31 62 4
31 59 -6
31 99 -6
31 34 6
31 76 -7
31 106 9
31 148 0
31 85 8
31 120 0
31 73 -8
31 89 7
31 70 4
32 119 -8
32 91 0
32 33 7
32 115 -10
32 88 -6
32 94 -7
32 62 -7
32 123 3
32 97 -4
32 85 5
32 84 -8
32 46 -1
32 60 -9
32 42 10
32 138 -7
32 149 -2
32 136 9
32 76 -4
32 106 -7
32 99 4
32 45 -3
32 133 -7
32 40 -9
32 82 9
32 145 -9
32 56 7
32 41 -6
32 142 9
32 105 9
32 107 -10
32 44 5
32 147 -6
32 57 -7
32 114 7
32 35 3
32 58 8
32 127 6
32 73 2
32 121 -6
32 129 7
32 86 -2
32 150 -9
32 102 5
32 140 10
32 48 3
32 131 -6
32 139 -4
32 80 -7
32 83 4
32 43 5
32 120 -5
32 130 1
32 113 8
32 96 2
32 47 5
32 98 0
32 134 -9
32 54 0
32 116 4
32 77 -1
33 40 6
33 46 7
33 93 -9
33 146 -8
33 67 1
33 91 9
33 98 -5
33 149 5
33 58 4
33 73 -10
33 59 2
33 130 -8
33 64 3
33 88 9
33 144 4
33 90 7
33 65 8
33 129 1
33 69 0
33 80 4
33 135 -5
33 97 3
33 35 5
33 68 -8
33 134 0
33 142 9
33 140 6
33 122 9
33 45 3
33 96 8
33 79 -3
33 75 9
33 112 0
33 118 -5
33 87 8
33 107 2
33 49 4
33 38 -5
33 109 -8
33 138 3
33 104 -4
33 42 3
33 48 -1
33 83 0
33 110 2
33 131 4
33 95 -6
33 77 7
33 60 1
33 41 7
33 62 1
33 72 -3
33 125 -4
33 85 8
33 92 1
33 55 8
33 61 -6
33 70 10
33 114 -9
33 100 7
33 147 -2
34 41 0
34 107 10
34 47 -8
34 118 9
34 109 6
34 106 7
34 77 2
34 120 7
34 79 5
34 143 9
34 56 -5
34 70 7
34 132 -4
34 145 9
34 38 2
34 46 3
34 137 -3
34 122 -7
34 114 -2
34 125 2
34 71 9
34 81 7
34 65 10
34 133 5
34 67 9
34 49 1
34 95 -6
34 39 -9
34 52 7
34 100 -2
34 96 -7
34 123 -8
34 63 10
34 80 -10
34 93 3
34 108 5
34 103 -4
34 148 8
34 42 6
34 116 -10
34 59 0
34 68 -9
34 60 -8
34 88 -1
34 104 10
34 86 -8
34 135 4
34 146 -7
34 147 1
34 62 0
34 53 -4
34 61 -4
34 37 -7
34 98 -6
34 113 1
35 88 -7
35 118 -7
35 85 3
35 129 4
35 87 9
35 124 -5
35 78 -5
35 89 -9
35 101 -2
35 79 -3
35 98 -3
35 41 -4
35 127 8
35 46 3
35 77 5
35 99 -3
35 131 6
35 37 -5
35 97 -8
35 105 -1
35 142 8
35 119 -6
35 65 -10
35 128 7
35 95 1
35 138 -1
35 136 0
35 135 4
35 103 -2
35 137 -7
35 53 -3
35 92 8
35 132 -1
35 72 2
35 149 -10
35 115 3
35 64 1
35 42 -4
35 116 10
35 40 -2
35 38 2
35 83 9
35 47 -2
35 43 -5
35 147 -9
35 93 3
35 68 -9
35 54 9
35 100 -2
35 44 -8
35 63 7
35 91 0
35 94 -1
35 140 -3
35 70 9
35 74 -3
35 76 3
35 51 -1
35 66 5
35 52 -6
35 122 8
35 120 -10
35 49 -8
35 50 -7
35 80 5
35 81 0
35 143 0
35 145 -9
36 37 0
36 61 7
36 43 -3
36 132 -1
36 140 4
36 134 9
36 126 10
36 102 -3
36 104 -4
36 75 -6
36 70 4
36 83 -2
36 48 -3
36 118 -10
36 51 -9
36 84 -5
36 136 7
36 82 -3
36 101 -9
36 91 -5
36 107 3
36 123 8
36 50 7
36 98 7
36 77 -7
36 85 9
36 95 -8
36 76 -3
36 128 2
36 88 -6
36 146 0
36 148 1
36 45 -10
36 41 7
36 67 -5
36 147 -7
36 105 -8
36 55 0
36 142 3
36 38 -5
36 119 -1
36 59 -8
36 92 9
36 86 -6
36 127 -9
36 145 -7
36 116 7
36 78 5
36 97 -6
36 113 2
36 124 8
37 43 -5
37 105 9
37 94 -5
37 89 -5
37 53 -3
37 134 -10
37 146 0
37 54 7
37 100 2
37 72 -4
37 107 3
37 88 -4
37 99 -8
37 50 7
37 92 8
37 81 9
37 55 -7
37 86 2
37 87 4
37 113 -4
37 44 4
37 136 9
37 101 1
37 82 -2
37 109 2
37 108 4
37 56 -5
37 46 9
37 80 -5
37 95 9
37 59 10
37 70 3
37 129 -6
37 48 5
37 147 -1
37 60 -7
37 119 -6
37 96 0
37 137 7
37 141 0
37 93 -6
37 49 1
37 106 -2
37 75 10
37 122 -5
37 42 -1
37 131 1
37 124 10
37 110 -9
37 112 -6
37 121 4
37 133 -10
37 145 8
37 47 4
37 40 -4
38 121 -5
38 40 6
38 61 -2
38 142 6
38 145 -4
38 54 6
38 130 0
38 129 -1
38 68 -4
38 122 5
38 92 -1
38 144 0
38 48 9
38 91 7
38 47 10
38 94 -10
38 134 -5
38 118 4
38 102 0
38 50 -1
38 119 -5
38 72 -3
38 78 9
38 74 2
38 126 -10
38 110 -7
38 149 8
38 65 2
38 98 -9
38 71 -3
38 93 -8
38 108 0
38 140 -2
38 125 2
38 127 -6
38 103 7
38 100 -4
38 95 -8
38 89 -10
38 57 -10
38 56 -10
38 41 9
38 147 -6
38 64 10
38 141 -1
38 143 4
38 132 3
38 137 7
38 59 2
38 39 3
38 51 -2
38 79 -3
38 46 -3
38 42 -2
38 111 -2
39 109 -5
39 57 6
39 60 2
39 53 -4
39 125 -8
39 100 -8
39 96 4
39 49 -4
39 115 6
39 77 3
39 76 -10
39 59 10
39 66 -2
39 130 -6
39 112 -2
39 84 -2
39 79 10
39 78 -8
39 80 6
39 67 -2
39 43 3
39 137 3
39 129 -4
39 61 -10
39 88 -8
39 75 -8
39 65 9
39 40 0
39 63 -4
39 127 4
39 68 7
39 92 -5
39 120 3
39 50 -6
39 74 1
39 51 1
39 147 3
39 136 5
39 142 2
39 135 5
39 73 -4
39 97 2
39 94 5
39 128 -9
39 117 5
39 107 5
39 87 5
39 145 4
39 134 -10
39 122 -7
39 89 -9
39 148 -8
39 111 -7
39 48 1
39 83 -8
39 54 -7
39 52 -9
39 42 -1
39 141 -2
39 144 -7
39 71 9
39 70 -5
40 64 -4
40 100 7
40 75 -8
40 121 6
40 52 1
40 57 8
40 136 -7
40 98 -10
40 67 -3
40 51 -4
40 99 1
40 89 -10
40 59 5
40 146 -6
40 104 -6
40 103 10
40 46 -4
40 115 -6
40 81 5
40 125 -5
40 102 -10
40 53 10
40 107 -4
40 105 1
40 55 -10
40 128 10
40 106 3
40 83 -5
40 70 1
40 147 1
40 114 -9
40 43 -2
40 127 -9
40 92 6
40 142 4
40 108 8
40 111 6
40 148 1
40 90 -1
40 78 -3
40 145 5
40 72 9
40 45 -2
40 50 4
40 135 2
40 96 0
40 85 2
40 133 -1
40 126 -3
40 109 5
40 112 -3
40 54 6
40 62 -3
40 113 -9
40 93 9
40 41 -1
40 61 9
40 150 9
40 71 7
40 120 -7
40 63 -5
40 137 -3
40 66 -10
41 90 -6
41 139 3
41 142 3
41 69 4
41 109 9
41 87 7
41 126 6
41 132 10
41 47 6
41 78 7
41 81 -1
41 110 -6
41 57 3
41 149 7
41 76 8
41 42 -1
41 64 10
41 48 -10
41 50 -6
41 73 10
41 117 -2
41 134 5
41 114 9
41 80 -8
41 102 -5
41 143 4
41 82 9
41 88 -1
41 146 9
41 85 -2
41 128 -1
41 63 -10
41 58 1
41 124 -2
41 83 -2
41 144 -9
41 118 0
41 121 -7
41 130 -1
41 113 2
41 72 -2
41 53 -8
41 61 -4
41 101 9
41 111 -10
41 97 6
41 91 9
41 92 7
41 100 1
41 145 10
41 138 5
41 55 -8
41 95 2
41 86 -1
41 129 -3
41 46 6
42 48 8
42 130 1
42 119 -2
42 95 -5
42 68 6
42 71 -3
42 125 -7
42 59 8
42 69 -9
42 106 3
42 104 -9
42 113 10
42 109 -1
42 117 -2
42 54 -8
42 50 3
42 140 -2
42 110 10
42 91 -6
42 78 -9
42 121 4
42 49 -10
42 122 6
42 96 -1
42 134 8
42 85 -6
42 142 -4
42 94 4
42 127 -7
42 46 1
42 79 9
42 123 -10
42 90 8
42 139 7
42 138 -5
42 73 4
42 53 -8
42 124 1
42 82 10
42 81 4
42 111 -10
42 58 -3
42 83 10
42 77 3
42 57 7
42 60 0
42 101 0
42 135 -5
42 116 -4
43 55 -3
43 125 10
43 77 2
43 67 -5
43 149 -2
43 133 8
43 45 10
43 140 -9
43 76 -8
43 65 -7
43 95 -9
43 57 -7
43 62 -10
43 150 5
43 113 5
43 123 -8
43 73 -9
43 47 10
43 58 -2
43 81 10
43 148 1
43 142 -3
43 63 -4
43 50 6
43 144 -2
43 72 -7
43 90 -10
43 119 -6
43 60 10
43 82 9
43 132 9
43 83 2
43 46 -4
43 109 -6
43 117 5
43 138 -4
43 75 -7
43 106 -5
43 108 -3
43 145 1
43 93 -10
43 130 -10
43 137 10
43 96 7
44 127 1
44 90 -5
44 93 -3
44 48 -7
44 133 10
44 52 -1
44 149 -2
44 100 9
44 70 7
44 47 10
44 50 8
44 105 -10
44 98 -1
44 82 -2
44 65 1
44 63 9
44 80 -4
44 88 -1
44 114 9
44 109 8
44 119 3
44 130 0
44 54 -5
44 101 5
44 66 1
44 117 -1
44 67 6
44 77 -6
44 59 -10
44 136 -4
44 121 1
44 140 2
44 146 6
44 102 -4
44 118 -1
44 99 -1
44 83 1
44 110 -4
44 124 7
44 143 2
44 145 4
44 55 3
44 128 -5
44 79 -3
44 76 3
44 89 2
44 72 9
44 61 -4
44 86 -4
44 139 -2
44 51 -1
44 62 10
44 64 -9
44 125 7
44 112 -6
45 80 10
45 146 -2
45 106 -5
45 81 -2
45 91 1
45 110 -10
45 124 6
45 95 6
45 53 -2
45 63 -10
45 49 2
45 79 1
45 85 -5
45 150 2
45 52 3
45 104 -7
45 55 2
45 97 4
45 100 2
45 114 8
45 107 -2
45 58 -1
45 71 -7
45 136 3
45 84 4
45 122 10
45 57 -8
45 111 8
45 61 1
45 86 -1
45 143 5
45 88 -7
45 60 1
45 99 -9
45 83 -2
45 108 0
45 46 -6
45 62 9
45 93 -10
45 69 6
45 149 5
45 137 6
45 56 -3
45 76 -10
45 64 -5
45 142 -7
45 147 -8
45 139 -8
45 103 8
45 126 2
45 68 4
45 77 -1
45 50 2
45 129 3
45 133 -6
46 49 2
46 128 -3
46 70 10
46 109 2
46 123 -5
46 135 -4
46 53 -5
46 146 2
46 68 -5
46 100 -6
46 143 4
46 59 0
46 64 -9
46 127 -3
46 113 -2
46 134 6
46 65 6
46 103 0
46 142 8
46 99 -6
46 96 5
46 82 9
46 119 -4
46 60 -10
46 50 -2
46 63 -9
46 105 -2
46 111 9
46 129 -2
46 136 5
46 89 1
46 147 -4
46 81 -7
46 52 7
46 125 -10
46 87 -9
46 137 -4
46 132 -5
46 107 -5
46 55 0
46 141 7
46 112 -4
46 74 7
46 120 6
46 85 6
46 102 3
46 90 10
46 149 3
46 47 -4
46 57 -10
46 48 7
46 83 -9
46 106 -7
46 93 3
47 51 -7
47 87 9
47 134 1
47 63 -4
47 48 -10
47 67 -4
47 71 -6
47 76 9
47 96 8
47 120 -1
47 135 -3
47 141 -7
47 64 4
47 57 -9
47 86 -3
47 72 7
47 125 3
47 68 -7
47 130 8
47 93 -1
47 138 0
47 81 -2
47 55 4
47 99 -8
47 95 -7
47 60 4
47 126 9
47 102 4
47 85 2
47 84 -9
47 80 -6
47 139 -3
47 52 7
47 140 9
47 66 10
47 77 1
47 144 7
47 73 -10
47 110 -8
47 128 4
47 129 -5
47 59 5
47 132 3
47 115 -1
47 54 5
47 148 -1
47 131 -5
47 75 -4
47 105 10
47 107 7
48 84 -5
48 122 5
48 101 -3
48 144 -3
48 62 -4
48 83 7
48 81 -4
48 99 -1
48 61 8
48 129 -2
48 51 9
48 107 3
48 137 5
48 71 -9
48 91 -9
48 52 4
48 53 3
48 50 -7
48 55 -5
48 56 -5
48 108 -10
48 96 5
48 105 6
48 103 -2
48 121 6
48 123 7
48 113 -4
48 75 -3
48 132 -1
48 139 -3
48 58 5
48 95 -6
48 127 1
48 130 5
48 150 -2
48 134 4
48 106 -4
48 149 9
48 141 -2
48 120 4
48 79 1
48 49 3
48 68 9
48 118 -6
48 77 7
48 126 9
48 143 0
48 88 2
48 97 6
48 73 6
48 148 -8
49 137 -1
49 98 6
49 128 9
49 121 -9
49 75 7
49 132 -5
49 123 10
49 83 4
49 86 9
49 147 5
49 140 -3
49 93 -4
49 109 8
49 117 -3
49 65 10
49 104 -7
49 149 -5
49 80 1
49 79 -8
49 90 6
49 131 0
49 66 -3
49 141 10
49 136 4
49 139 -5
49 73 8
49 102 10
49 101 1
49 118 -7
49 99 -2
49 59 -1
49 119 9
49 100 -2
49 69 -6
49 62 -9
49 148 -7
49 61 -8
49 135 -9
49 85 -9
49 74 0
49 127 0
49 138 3
49 110 -9
49 133 9
49 126 -5
49 111 7
49 92 -4
49 114 2
49 124 8
49 143 8
49 63 7
49 76 10
49 56 3
50 138 1
50 104 10
50 135 1
50 145 -9
50 95 -5
50 81 4
50 98 -9
50 61 1
50 128 4
50 51 -1
50 92 5
50 103 7
50 93 -1
50 94 -9
50 64 9
50 110 3
50 148 1
50 82 2
50 107 0
50 58 -5
50 124 -3
50 141 5
50 123 2
50 105 0
50 66 7
50 144 -3
50 112 9
50 60 -8
50 84 9
50 130 -9
50 68 8
50 134 7
50 87 -7
50 143 3
50 150 -4
50 108 9
50 122 9
50 62 -3
50 139 10
50 89 7
50 102 -1
50 59 2
50 111 8
50 147 -2
51 127 8
51 108 -7
51 100 9
51 92 10
51 118 -5
51 112 -3
51 59 -1
51 122 8
51 62 -9
51 113 0
51 63 -2
51 105 2
51 69 -4
51 56 -4
51 144 -6
51 95 -4
51 147 -5
51 116 9
51 138 -7
51 53 -3
51 52 3
51 117 3
51 91 -4
51 145 7
51 81 8
51 84 -4
51 124 -10
51 88 -8
51 120 5
51 98 -1
51 135 -2
51 139 1
51 132 0
51 94 -6
51 65 -9
51 119 -5
51 142 0
51 149 5
51 107 0
51 83 2
51 134 -9
51 140 10
51 72 -7
51 103 -6
51 68 -5
51 150 -8
51 80 1
51 126 5
51 96 -6
51 110 3
51 57 3
52 96 1
52 120 10
52 114 -9
52 91 10
52 69 7
52 108 -5
52 93 -2
52 99 1
52 143 4
52 87 10
52 88 -6
52 135 3
52 111 -1
52 68 -10
52 128 9
52 75 6
52 61 -9
52 74 -2
52 95 -6
52 77 -2
52 100 -6
52 62 -7
52 140 -3
52 145 -6
52 141 -10
52 139 -5
52 81 4
52 98 -3
52 80 8
52 89 10
52 97 0
52 58 -3
52 60 -4
52 84 6
52 116 -5
52 66 2
52 129 1
52 118 7
52 148 3
52 102 -4
52 107 10
52 144 9
52 63 -2
52 67 5
52 123 -5
52 134 -10
53 141 3
53 138 3
53 146 2
53 135 0
53 89 5
53 116 2
53 117 -8
53 91 -1
53 83 3
53 77 6
53 124 -1
53 62 6
53 84 -7
53 134 -9
53 54 -9
53 98 -2
53 96 1
53 109 -9
53 94 1
53 119 9
53 103 -6
53 76 10
53 147 7
53 125 10
53 126 3
53 66 4
53 150 6
53 67 5
53 88 9
53 142 -5
53 97 -6
53 128 -4
53 106 -8
53 61 6
53 144 -6
53 114 -5
53 115 6
53 72 10
53 108 -6
53 78 -1
53 105 8
53 133 -8
53 118 2
53 85 -1
53 90 -2
53 75 -1
53 92 9
53 123 -1
53 70 1
54 113 -8
54 123 -5
54 96 6
54 97 -4
54 61 -5
54 147 4
54 74 -4
54 87 9
54 114 5
54 137 -9
54 93 1
54 80 2
54 65 9
54 120 6
54 75 -7
54 148 2
54 88 -6
54 95 -6
54 72 9
54 108 -6
54 136 -6
54 89 -10
54 102 -6
54 143 6
54 76 8
54 57 6
54 132 3
54 145 -1
54 106 -10
54 126 -1
54 138 -3
54 125 5
54 78 10
54 99 -1
54 64 -4
54 139 -10
54 111 -6
54 62 6
54 67 2
54 103 -4
54 91 7
54 92 5
54 119 10
54 79 6
54 73 9
54 68 10
54 63 10
54 100 -8
54 135 3
54 122 -4
55 118 -7
55 56 1
55 129 -3
55 124 -8
55 70 10
55 71 7
55 121 9
55 112 1
55 95 -6
55 77 -7
55 96 4
55 120 0
55 72 -6
55 125 -10
55 91 0
55 133 1
55 108 9
55 101 -4
55 82 -4
55 74 0
55 79 -10
55 109 -8
55 90 10
55 115 -7
55 141 -3
55 65 -10
55 135 4
55 68 -3
55 58 4
55 137 -4
55 97 -3
55 98 -3
55 86 -8
55 92 -6
55 105 -8
55 128 9
55 102 5
55 66 5
55 103 4
55 107 -10
55 110 6
55 111 3
55 73 0
55 59 4
55 119 2
55 113 2
55 93 -8
55 87 6
55 69 -1
55 85 5
55 81 10
55 136 3
56 146 7
56 142 -2
56 101 -10
56 107 2
56 67 -1
56 65 3
56 69 5
56 86 -2
56 130 -7
56 114 6
56 109 -5
56 82 3
56 79 -4
56 105 4
56 76 1
56 148 -4
56 111 -8
56 120 -5
56 127 5
56 108 -6
56 81 -3
56 104 -4
56 96 -10
56 131 -1
56 140 -2
56 78 -5
56 138 -4
56 102 4
56 93 -8
56 126 5
56 63 0
56 68 4
56 122 4
56 58 -7
56 113 -4
56 150 4
56 135 10
56 110 -10
56 61 10
56 118 -10
56 117 9
56 100 -5
56 72 7
56 90 5
56 70 -9
56 95 -8
57 147 2
57 131 4
57 132 -3
57 90 4
57 120 -10
57 97 2
57 58 -10
57 110 -5
57 98 6
57 114 -10
57 75 -5
57 117 2
57 126 -1
57 86 -9
57 85 8
57 121 6
57 74 1
57 142 8
57 88 5
57 60 3
57 135 0
57 138 10
57 107 -2
57 102 8
57 134 1
57 109 -9
57 73 -3
57 136 1
57 99 6
57 79 10
57 82 5
57 128 7
57 72 8
57 63 7
57 65 -5
57 106 1
57 115 -5
57 112 -2
57 84 8
57 141 10
57 101 10
58 148 -2
58 136 -7
58 95 5
58 113 -5
58 84 -3
58 88 -2
58 116 4
58 115 8
58 122 -7
58 104 -10
58 132 -4
58 93 -1
58 99 -2
58 61 2
58 86 -4
58 65 2
58 106 2
58 97 -9
58 120 5
58 118 3
58 66 -10
58 108 -4
58 72 1
58 76 1
58 69 4
58 114 -9
58 87 6
58 96 4
58 75 -5
58 90 4
58 89 2
58 141 5
58 77 -9
58 100 -5
58 119 -4
58 102 0
58 68 8
58 123 5
58 67 -1
58 150 1
58 59 8
58 64 5
58 60 -4
58 129 10
58 103 -10
58 92 10
58 135 -3
59 66 0
59 147 2
59 78 3
59 126 4
59 82 0
59 111 3
59 133 -6
59 100 10
59 93 -7
59 79 4
59 86 -2
59 95 -6
59 69 2
59 99 3
59 87 -5
59 81 -8
59 135 1
59 125 0
59 149 7
59 63 2
59 115 -10
59 132 5
59 89 8
59 139 3
59 84 -9
59 74 10
59 112 1
59 148 9
59 129 -8
59 107 6
59 138 -2
59 110 1
59 150 -7
59 83 -7
59 77 5
59 106 -6
59 92 -10
59 76 -10
59 117 -7
59 144 -3
59 75 -1
60 65 1
60 107 8
60 83 -5
60 75 9
60 112 10
60 80 -7
60 100 -9
60 73 1
60 72 -6
60 136 -4
60 76 7
60 123 -10
60 131 3
60 64 -5
60 147 -10
60 146 3
60 91 9
60 120 -9
60 97 0
60 134 -3
60 61 6
60 85 1
60 110 0
60 82 5
60 98 5
60 148 1
60 132 -3
60 101 10
60 90 6
60 111 -2
60 129 0
60 106 -3
60 135 1
60 122 -8
60 102 -5
60 88 -8
60 113 -1
60 114 -8
60 138 -3
60 84 1
60 115 -6
60 144 -1
60 145 -5
60 86 1
60 63 -4
60 118 2
60 87 0
61 117 6
61 121 0
61 150 7
61 135 -1
61 66 3
61 140 -7
61 97 -10
61 68 8
61 71 1
61 115 1
61 103 9
61 85 10
61 109 -3
61 101 -8
61 70 -10
61 107 7
61 100 -1
61 93 -1
61 112 2
61 76 8
61 113 -3
61 96 -8
61 134 -9
61 69 6
61 106 0
61 104 -5
61 123 0
61 128 2
61 64 0
61 146 -10
61 89 -3
61 138 2
61 72 -8
61 133 -3
61 149 -1
61 82 -9
61 98 5
61 79 -9
61 80 -7
61 67 7
62 67 6
62 141 10
62 106 -3
62 84 -7
62 87 -4
62 91 -7
62 64 9
62 135 -1
62 142 9
62 148 -3
62 74 -4
62 105 0
62 119 -3
62 144 6
62 134 -3
62 131 0
62 103 4
62 82 4
62 95 -4
62 94 -1
62 143 3
62 78 -7
62 108 -9
62 70 -10
62 111 9
62 146 9
62 124 -1
62 76 6
62 132 -9
62 98 5
62 121 -1
62 113 -8
62 129 -4
62 71 -8
62 86 -9
62 104 -7
62 126 10
62 97 7
62 149 -5
62 89 -2
62 147 9
62 69 -5
62 73 -7
62 99 -6
62 83 1
62 118 10
62 65 9
62 72 3
62 115 3
63 145 -10
63 135 1
63 121 2
63 107 -7
63 75 -4
63 112 -2
63 84 -3
63 142 -7
63 146 0
63 93 7
63 144 -4
63 88 -5
63 125 10
63 95 6
63 126 8
63 132 -2
63 102 -4
63 86 2
63 74 7
63 138 10
63 124 1
63 129 -10
63 147 -6
63 70 5
63 94 3
63 133 0
63 130 8
63 106 1
63 101 3
63 72 -9
63 98 -9
63 111 -6
63 103 -5
63 76 7
63 119 -7
63 114 0
63 97 10
63 96 6
63 78 -7
63 79 -9
63 118 -10
63 65 9
63 116 1
64 143 9
64 106 7
64 150 2
64 78 2
64 80 -9
64 85 6
64 81 10
64 144 6
64 128 3
64 146 -1
64 111 10
64 120 10
64 74 7
64 75 -6
64 94 10
64 76 -10
64 114 -3
64 117 0
64 145 -1
64 87 -5
64 71 -7
64 136 -7
64 65 -5
64 68 1
64 70 1
64 129 2
64 139 8
64 72 -5
64 67 3
64 105 8
64 77 -1
64 131 -10
64 124 2
64 125 -4
64 86 9
64 135 -9
64 121 -1
64 109 -3
64 134 -9
64 99 -1
64 101 -8
64 88 -6
65 132 7
65 113 -10
65 72 1
65 108 5
65 79 4
65 82 6
65 110 1
65 77 -4
65 142 -10
65 117 -5
65 99 6
65 124 7
65 114 -2
65 130 10
65 80 -9
65 147 7
65 145 -4
65 100 6
65 87 -6
65 143 -7
65 76 9
65 71 -8
65 104 1
65 101 8
65 125 -3
65 116 -6
65 129 7
65 131 -6
65 135 0
65 73 7
65 134 1
65 139 0
65 146 -7
65 69 9
65 70 -3
65 93 -6
65 91 -7
65 109 -5
66 98 10
66 104 -6
66 113 0
66 134 0
66 127 0
66 137 1
66 102 0
66 106 -10
66 120 -1
66 147 8
66 93 9
66 136 -8
66 145 5
66 96 -9
66 72 7
66 101 8
66 80 -5
66 81 1
66 88 -5
66 142 -7
66 92 4
66 117 3
66 115 -9
66 74 -4
66 112 3
66 82 6
66 140 6
66 149 -5
66 130 -2
66 94 -10
66 126 1
66 79 2
66 129 10
66 99 -7
66 125 -5
66 118 -1
66 143 5
66 69 -10
66 73 3
66 107 -3
66 139 10
66 100 -4
66 70 6
66 131 0
66 87 -7
66 84 -9
67 100 5
67 132 -3
67 106 4
67 110 -5
67 70 0
67 81 3
67 77 1
67 127 0
67 117 -9
67 125 0
67 146 1
67 75 -9
67 115 -4
67 143 -8
67 150 10
67 73 -6
67 98 -4
67 80 4
67 116 -6
67 113 -7
67 82 -7
67 139 -1
67 120 1
67 94 -6
67 74 10
67 135 -7
67 85 -9
67 122 0
67 137 -4
67 142 0
67 141 -2
67 147 -6
67 112 -6
67 130 0
67 114 6
67 93 -1
67 140 -6
67 87 0
67 128 4
67 89 -4
67 97 5
67 103 6
67 145 6
67 88 6
68 137 10
68 150 -4
68 139 1
68 69 5
68 140 -10
68 149 -6
68 81 0
68 100 6
68 88 8
68 128 -6
68 108 -5
68 70 8
68 112 -8
68 121 -5
68 145 -8
68 123 -1
68 138 -9
68 98 9
68 94 -1
68 111 7
68 122 -4
68 118 0
68 102 4
68 99 4
68 101 -7
68 129 1
68 132 10
68 87 -7
68 120 -1
68 115 0
68 144 2
68 89 -4
68 127 -8
68 77 -4
68 106 6
68 75 3
68 142 -9
68 113 5
68 130 8
68 85 8
68 146 9
69 141 -3
69 109 -4
69 75 -5
69 105 -4
69 124 -7
69 89 -2
69 117 5
69 104 10
69 144 -1
69 130 -3
69 93 -5
69 73 -3
69 97 5
69 132 2
69 100 10
69 102 -1
69 76 -3
69 94 -1
69 139 -3
69 91 -8
69 116 -1
69 83 5
69 74 -1
69 87 4
69 99 -7
69 115 -10
69 138 -9
69 85 -6
69 145 3
69 111 -7
69 118 2
69 72 1
69 108 -5
69 122 2
69 98 2
69 120 -4
69 133 4
69 79 3
69 150 0
69 135 -7
69 121 1
69 80 -6
69 86 2
69 110 -1
69 103 4
70 73 2
70 109 -6
70 137 9
70 105 0
70 92 7
70 81 -1
70 121 8
70 71 -1
70 144 1
70 86 1
70 141 10
70 150 9
70 89 -3
70 149 7
70 139 -4
70 136 -8
70 147 -9
70 75 6
70 80 -2
70 120 1
70 104 -9
70 133 8
70 85 -7
70 99 -10
70 83 7
70 101 9
70 97 0
70 78 -2
70 126 9
70 145 5
70 112 8
70 134 1
70 108 -1
70 96 0
70 110 -2
70 93 -2
70 129 -10
70 107 2
70 130 8
70 127 -4
70 142 4
70 94 -4
70 111 -9
71 103 7
71 108 2
71 95 1
71 128 -1
71 150 7
71 119 -7
71 102 -10
71 97 2
71 106 3
71 73 -10
71 84 10
71 149 -2
71 115 -5
71 77 -1
71 132 10
71 96 -4
71 145 0
71 134 -7
71 142 4
71 125 0
71 93 -6
71 100 10
71 99 -9
71 83 -5
71 85 8
71 130 -10
71 116 6
71 129 -3
71 123 9
71 76 -1
71 87 -5
71 79 -9
71 131 2
71 124 4
71 141 0
71 137 -2
71 112 -3
71 136 6
71 94 10
71 146 -6
71 118 -3
71 120 -2
71 89 -4
72 86 10
72 141 -3
72 102 4
72 95 9
72 119 4
72 96 2
72 145 7
72 100 1
72 116 8
72 112 -5
72 104 -3
72 120 -5
72 83 0
72 115 7
72 129 9
72 132 6
72 101 -4
72 93 -8
72 79 6
72 139 -3
72 118 3
72 78 8
72 131 7
72 128 7
72 107 -9
72 146 2
72 150 0
72 73 5
72 84 -9
72 103 5
72 108 6
72 125 4
72 105 -4
72 91 -5
72 127 -1
72 85 10
72 114 -3
72 92 8
72 87 3
72 106 4
73 140 3
73 99 -7
73 133 -5
73 81 -5
73 135 -10
73 80 -5
73 76 -7
73 98 2
73 102 -6
73 116 8
73 150 0
73 129 4
73 126 -1
73 114 -1
73 142 9
73 75 7
73 137 9
73 94 5
73 119 5
73 108 -4
73 138 1
73 84 -5
73 115 -7
73 148 4
73 79 -4
73 78 -2
73 147 -10
73 124 8
73 125 -1
73 92 8
73 86 2
73 120 5
73 87 9
73 101 2
73 88 0
73 95 -1
73 139 1
73 107 -1
73 134 1
74 125 10
74 129 -2
74 133 -1
74 78 6
74 127 -2
74 144 -8
74 120 4
74 98 -10
74 96 10
74 139 -8
74 81 -1
74 123 5
74 109 3
74 92 -2
74 126 -7
74 87 -4
74 118 2
74 113 -6
74 94 -4
74 99 8
74 86 -4
74 107 -3
74 106 0
74 82 -2
74 148 -6
74 89 -6
74 105 -7
74 149 -9
74 80 4
74 145 5
74 97 -8
74 91 6
74 88 -1
74 116 -5
74 141 -10
74 108 -3
74 143 7
74 132 0
75 137 2
75 94 0
75 120 -9
75 109 10
75 119 -9
75 138 -9
75 104 10
75 96 -4
75 117 9
75 110 -8
75 76 -3
75 105 5
75 122 2
75 82 2
75 97 -9
75 95 3
75 114 6
75 141 4
75 90 6
75 79 4
75 93 -7
75 128 -5
75 107 7
75 108 -8
75 130 -8
75 148 -10
75 127 -6
75 92 -6
75 136 6
75 88 9
75 111 2
75 147 2
75 80 6
75 131 3
75 129 4
75 106 8
76 77 -10
76 89 8
76 103 2
76 85 9
76 140 6
76 107 -4
76 120 5
76 82 6
76 122 3
76 131 -7
76 116 -4
76 115 4
76 79 9
76 144 -9
76 100 9
76 123 -3
76 84 10
76 104 7
76 95 7
76 141 2
76 109 1
76 125 -9
76 99 1
76 145 -1
76 102 -5
76 137 -8
76 94 -6
76 114 4
76 132 -3
76 150 -10
76 126 -1
76 108 3
76 133 4
76 135 6
76 113 3
76 117 -8
76 139 3
76 146 4
76 87 0
77 109 -8
77 96 -7
77 134 -9
77 83 -4
77 126 8
77 150 5
77 78 10
77 85 -8
77 142 -7
77 88 9
77 117 8
77 80 -8
77 136 -5
77 135 6
77 128 -3
77 101 -4
77 144 10
77 122 -10
77 87 -4
77 104 -8
77 105 6
77 125 -9
77 133 -8
77 79 -4
77 138 -7
77 119 -6
77 112 6
77 124 9
77 94 -3
77 111 -4
77 147 -5
77 99 -6
77 131 5
77 106 -10
77 113 7
77 145 2
77 90 3
77 95 8
77 137 -1
77 114 4
78 145 -4
78 89 8
78 128 7
78 105 -1
78 97 2
78 142 -8
78 95 6
78 104 7
78 147 6
78 82 4
78 132 -6
78 122 6
78 99 4
78 148 -8
78 94 9
78 113 3
78 81 7
78 80 7
78 79 2
78 90 -5
78 130 -8
78 111 -6
78 117 -10
78 83 2
78 134 10
78 100 -3
78 114 0
78 120 -3
78 140 8
78 138 -10
78 150 6
78 133 7
79 134 9
79 97 -6
79 133 -1
79 145 -1
79 144 -9
79 115 4
79 111 4
79 89 2
79 103 -1
79 117 -5
79 123 7
79 81 5
79 88 3
79 118 6
79 80 -6
79 146 4
79 141 10
79 120 1
79 105 5
79 124 9
79 142 -10
79 147 -1
79 150 3
79 86 0
79 127 0
79 116 9
79 113 -10
79 132 -1
79 102 3
79 122 -7
79 126 -6
79 83 5
79 125 -4
79 110 -6
79 121 9
79 84 5
80 142 -6
80 113 10
80 129 7
80 97 -9
80 112 8
80 120 1
80 134 -8
80 128 0
80 137 -5
80 96 -1
80 122 5
80 132 7
80 141 -2
80 99 -10
80 147 1
80 149 -7
80 121 2
80 143 5
80 131 3
80 148 -7
80 150 -2
80 95 -10
80 115 10
80 94 10
80 119 -10
80 146 10
80 104 7
80 103 6
80 110 -9
80 136 -9
80 91 -7
80 130 3
80 117 10
80 116 4
80 90 8
80 114 -7
80 123 -9
80 111 2
80 102 9
80 93 7
81 143 1
81 107 -7
81 145 -9
81 127 3
81 88 -2
81 133 9
81 94 8
81 122 -5
81 135 8
81 104 -9
81 102 10
81 137 7
81 89 -6
81 132 0
81 84 -4
81 108 -3
81 138 -4
81 147 3
81 142 2
81 117 -10
81 128 -2
81 93 4
81 146 10
81 129 -5
81 101 2
81 114 9
81 109 -1
81 124 8
81 106 1
81 139 -8
81 110 4
81 111 0
81 97 -4
81 115 -5
81 130 6
82 121 2
82 100 -8
82 98 1
82 101 -1
82 120 8
82 104 6
82 150 -6
82 108 0
82 123 10
82 94 -5
82 107 1
82 119 1
82 122 -8
82 95 8
82 149 9
82 133 -2
82 114 1
82 131 0
82 86 -1
82 90 2
82 85 -8
82 117 -1
82 110 -8
82 129 -8
82 147 4
82 96 -4
82 99 3
82 127 -2
82 118 -6
82 145 10
82 137 9
82 84 3
82 91 9
82 141 7
83 92 -8
83 84 -3
83 121 2
83 113 -2
83 125 9
83 128 -5
83 133 3
83 134 -1
83 115 6
83 99 1
83 109 -3
83 129 2
83 135 -9
83 150 3
83 139 5
83 90 5
83 119 -3
83 94 8
83 148 6
83 123 -6
83 122 -7
83 130 -6
83 141 -4
83 138 4
83 136 -4
83 88 -10
83 108 5
83 120 -5
83 116 6
83 131 6
83 142 6
83 98 -5
83 140 -4
84 150 7
84 143 -5
84 141 -3
84 111 0
84 126 -5
84 127 7
84 112 0
84 107 -3
84 146 3
84 87 3
84 115 0
84 131 -6
84 125 -3
84 135 -2
84 86 -6
84 92 9
84 94 2
84 137 8
84 121 8
84 139 -8
84 110 9
84 140 6
84 106 -6
84 118 1
84 120 7
84 104 -7
84 124 6
84 93 -4
84 117 2
84 138 -4
84 128 7
85 98 -4
85 93 0
85 99 -7
85 121 5
85 124 9
85 117 -3
85 110 9
85 132 1
85 123 2
85 96 5
85 131 -6
85 112 -7
85 128 3
85 87 -8
85 127 -7
85 119 9
85 103 9
85 146 8
85 91 -3
85 126 -7
85 125 10
85 147 -9
85 113 -5
85 138 -9
85 143 -5
85 137 8
85 116 -1
85 88 -3
85 115 5
85 97 0
85 106 7
86 101 9
86 102 -2
86 92 -9
86 106 9
86 126 -3
86 103 -6
86 108 0
86 115 -4
86 139 -5
86 93 6
86 150 -7
86 123 9
86 100 7
86 124 -6
86 141 7
86 112 -6
86 94 -6
86 136 9
86 138 4
86 128 5
86 89 -5
86 145 -2
86 133 -5
86 148 -4
86 121 8
86 105 4
86 99 0
86 127 4
87 110 8
87 117 -5
87 118 -10
87 116 9
87 141 4
87 123 7
87 102 5
87 130 10
87 100 -4
87 97 5
87 140 -9
87 139 -8
87 127 -3
87 107 -10
87 111 2
87 90 -7
87 121 -7
87 147 -4
87 129 -9
87 150 1
87 93 -1
87 143 7
87 145 6
87 106 -7
87 88 -7
87 149 -6
87 146 -10
87 94 3
87 136 9
87 109 9
87 92 -5
87 125 -1
88 123 -10
88 111 -4
88 104 -5
88 126 7
88 116 0
88 107 -5
88 127 -4
88 128 5
88 137 8
88 148 -7
88 146 -5
88 113 3
88 110 -9
88 91 -10
88 114 -2
88 135 -4
88 105 9
88 144 -2
88 117 8
88 106 -5
88 143 -1
88 124 -1
88 97 4
88 142 -10
88 115 -4
88 150 -6
88 120 -7
88 145 -1
88 118 -2
88 141 9
88 100 3
88 93 -6
89 142 -3
89 128 6
89 115 10
89 140 2
89 131 10
89 134 4
89 143 -3
89 99 -9
89 137 0
89 147 10
89 107 -1
89 114 3
89 139 -5
89 146 -9
89 103 -10
89 129 8
89 113 -9
89 138 7
89 95 8
89 148 -3
89 102 1
89 149 -4
89 92 -2
89 141 0
89 144 -9
89 136 7
89 93 -6
89 90 -4
89 96 0
89 105 -8
89 111 1
89 126 7
90 128 3
90 110 -8
90 136 1
90 129 -3
90 92 5
90 145 4
90 120 -8
90 104 0
90 106 4
90 131 -7
90 123 4
90 116 -6
90 139 6
90 130 10
90 108 -9
90 109 1
90 134 -3
90 107 1
90 132 3
90 148 -4
90 121 6
90 135 -4
90 112 -6
90 99 -9
90 126 1
90 149 -5
90 150 -6
91 99 5
91 93 -2
91 123 5
91 108 -6
91 145 -1
91 147 5
91 127 7
91 122 4
91 150 -5
91 148 6
91 141 7
91 120 10
91 116 6
91 106 10
91 104 3
91 125 9
91 134 -8
91 102 -9
91 142 7
91 105 -9
91 113 3
91 107 -5
91 112 -4
91 132 -3
91 135 -10
91 96 -8
91 115 7
91 121 7
91 109 7
91 138 -9
91 94 3
91 119 -6
91 131 -1
92 111 0
92 109 7
92 117 2
92 105 10
92 133 6
92 143 -3
92 121 4
92 119 4
92 124 -3
92 130 2
92 100 -1
92 112 1
92 122 2
92 142 -10
92 136 10
92 98 2
92 95 -10
92 144 7
92 116 -8
92 126 7
92 125 -9
92 110 -10
92 97 -5
92 99 -2
92 93 -6
92 145 -2
92 147 9
92 94 5
92 108 -2
93 140 -3
93 139 3
93 124 -8
93 119 5
93 107 2
93 149 -6
93 104 9
93 114 10
93 120 5
93 150 -1
93 97 5
93 128 -5
93 113 8
93 141 -5
93 111 -4
93 108 -1
93 137 -5
93 142 2
93 147 9
93 135 -7
93 98 -3
93 145 -5
93 123 -2
93 115 -9
93 100 10
93 126 -7
93 134 -8
93 136 -5
94 97 0
94 113 -4
94 101 -10
94 108 -6
94 139 0
94 129 -9
94 121 -1
94 110 2
94 130 -4
94 126 -2
94 98 10
94 125 10
94 145 -6
94 127 1
94 115 -4
94 102 6
94 141 2
94 135 4
94 119 6
94 144 4
94 137 -5
94 96 -4
94 112 0
94 107 2
94 99 -6
94 133 4
94 143 8
95 97 -5
95 147 -6
95 120 3
95 140 -10
95 96 -10
95 148 -5
95 108 -7
95 107 3
95 100 -9
95 142 8
95 129 -9
95 124 -6
95 115 3
95 106 -8
95 127 8
95 102 -7
95 113 10
95 134 4
95 116 8
95 138 -5
95 135 -10
95 109 8
95 99 10
95 141 3
95 112 -6
95 101 6
96 138 6
96 148 -10
96 133 1
96 149 -10
96 139 -6
96 136 9
96 121 -1
96 135 1
96 100 4
96 129 -9
96 119 -3
96 104 -5
96 147 1
96 123 -4
96 109 -2
96 101 9
96 106 -9
96 113 9
96 134 -3
96 122 -2
96 127 -1
96 144 -1
96 150 6
96 118 0
96 108 -1
96 103 -3
96 117 -9
96 112 -2
96 130 7
96 99 -2
97 103 -9
97 99 3
97 107 6
97 106 3
97 112 10
97 118 -5
97 98 1
97 136 4
97 105 7
97 123 -7
97 131 -5
97 133 -3
97 127 9
97 148 -7
97 141 -8
97 115 10
97 144 7
97 129 -10
97 102 -9
97 101 6
97 125 -5
97 150 4
97 126 -5
97 114 -8
98 99 -7
98 125 4
98 143 4
98 111 -3
98 112 2
98 107 -10
98 116 5
98 118 -7
98 142 4
98 117 9
98 103 -9
98 115 -4
98 127 -6
98 120 7
98 138 -7
98 147 -10
98 113 10
98 104 10
98 136 -4
98 122 -3
98 144 3
98 133 -4
98 146 0
98 123 -6
98 121 3
98 145 -6
98 137 -3
99 149 -6
99 119 -1
99 114 -4
99 110 -6
99 102 -2
99 116 8
99 131 8
99 148 -8
99 117 -9
99 124 -9
99 139 5
99 143 -5
99 106 -2
99 130 1
99 140 10
99 142 3
99 135 6
99 118 -3
99 138 -9
99 127 6
99 129 -10
99 136 -4
99 123 -8
100 146 -5
100 135 6
100 104 -2
100 145 5
100 126 7
100 134 1
100 110 1
100 108 -10
100 128 -2
100 112 7
100 123 10
100 147 5
100 139 9
100 113 -2
100 142 5
100 119 -4
100 106 7
100 133 -7
100 138 7
100 136 -9
101 109 -4
101 148 7
101 124 5
101 104 10
101 142 1
101 146 2
101 117 -4
101 150 1
101 134 -2
101 145 5
101 143 -5
101 105 4
101 137 -9
101 141 8
101 127 -9
101 123 -8
101 115 -5
101 133 -4
101 111 -4
101 138 6
101 120 2
101 116 -7
101 135 -10
101 113 -6
101 108 7
101 130 -10
101 103 -7
101 106 2
102 108 7
102 138 7
102 133 -2
102 136 -8
102 109 3
102 123 1
102 125 4
102 135 0
102 116 1
102 124 -7
102 137 10
102 150 -3
102 131 -8
102 106 -2
102 141 2
102 140 -8
102 127 -3
102 107 1
102 145 -1
102 132 -8
102 113 3
102 122 1
103 118 9
103 116 -9
103 113 -9
103 114 1
103 127 6
103 150 6
103 147 -2
103 135 6
103 122 -1
103 142 8
103 128 -3
103 140 -3
103 131 6
103 117 0
103 109 -1
103 148 -7
103 105 -1
103 104 -4
103 132 0
103 123 -1
103 146 -2
103 139 7
103 106 8
103 129 -4
103 112 0
103 111 6
103 137 -6
104 116 -2
104 127 -4
104 150 1
104 113 -4
104 112 5
104 140 10
104 133 -1
104 110 -5
104 105 9
104 131 -7
104 144 -3
104 134 9
104 148 7
104 142 -1
104 147 -10
104 115 -4
104 121 -4
104 124 0
104 111 -4
104 139 9
104 109 3
104 123 -3
104 114 -8
105 109 -7
105 111 -2
105 117 -2
105 108 -7
105 112 7
105 140 1
105 110 3
105 128 -2
105 138 2
105 126 2
105 142 10
105 141 -2
105 135 5
105 146 10
105 150 -9
105 144 1
105 119 10
105 122 6
105 136 8
105 123 9
105 147 0
105 107 10
105 114 8
106 150 -3
106 116 0
106 136 -9
106 129 5
106 139 0
106 117 5
106 122 -2
106 133 -1
106 144 4
106 114 10
106 115 -4
106 148 9
106 131 6
106 141 -5
106 138 6
106 147 4
106 112 -3
106 108 -5
106 121 -9
107 117 -5
107 120 9
107 112 9
107 129 7
107 123 5
107 142 -7
107 128 4
107 139 10
107 132 -6
107 141 -5
107 134 -8
107 135 2
107 148 10
107 109 8
107 145 7
107 110 8
107 127 2
107 116 3
107 150 0
108 123 -4
108 113 8
108 121 -10
108 112 4
108 147 -6
108 119 -8
108 117 -10
108 145 -10
108 115 5
108 134 -4
108 144 -7
108 126 3
108 149 3
108 141 -8
108 138 6
108 127 3
108 116 8
108 120 -7
108 135 -4
109 127 2
109 111 1
109 136 2
109 124 -6
109 140 -9
109 129 -1
109 147 3
109 121 4
109 139 9
109 134 8
109 126 -5
109 135 -3
109 132 10
109 113 4
109 123 -6
109 141 5
109 137 -5
110 115 7
110 120 -7
110 121 2
110 130 6
110 127 6
110 126 -3
110 137 -8
110 140 2
110 123 -8
110 114 -2
110 128 -4
110 112 -1
110 132 -9
110 131 -7
110 135 -6
110 139 1
110 146 -5
111 149 1
111 134 -10
111 127 7
111 131 -8
111 148 -7
111 141 3
111 112 9
111 133 -1
111 121 8
111 124 -3
111 142 -7
111 122 -9
111 126 9
111 120 2
111 139 0
111 143 -6
111 137 10
111 119 7
111 123 -7
112 142 -10
112 136 5
112 148 5
112 141 -3
112 126 -1
112 132 -8
112 120 2
112 143 0
112 134 8
112 137 8
112 144 -9
112 139 -4
112 140 1
112 130 2
113 130 4
113 139 -4
113 123 7
113 143 5
113 118 -2
113 125 3
113 129 1
113 122 -4
113 128 -4
113 136 7
113 140 -7
113 124 4
113 131 9
113 121 -9
113 114 -10
113 150 -5
113 120 10
113 133 -2
114 143 1
114 128 10
114 130 -4
114 119 -8
114 127 5
114 120 6
114 122 -4
114 137 -2
114 147 0
114 123 -8
114 118 8
114 149 -6
114 131 3
114 126 -2
114 116 0
114 139 10
115 129 -6
115 128 -1
115 148 4
115 116 -7
115 135 -2
115 121 -7
115 139 0
115 119 4
115 133 3
115 124 -5
115 150 -3
115 131 -7
115 137 9
115 118 -5
115 136 1
115 117 5
115 123 6
115 143 3
115 141 -7
115 146 0
116 133 -10
116 132 1
116 135 -10
116 118 -7
116 136 10
116 140 2
116 147 10
116 141 2
116 129 2
116 124 -8
116 148 4
116 149 2
116 134 3
116 145 10
116 144 -1
116 142 9
116 122 -2
117 119 -4
117 137 8
117 133 2
117 127 5
117 145 -10
117 123 -9
117 129 -9
117 143 2
117 149 -7
117 125 -4
117 141 4
117 139 6
117 150 9
117 121 6
117 124 -9
118 142 5
118 119 -4
118 137 -7
118 124 2
118 150 -7
118 141 -9
118 122 3
118 139 -6
119 123 10
119 125 4
119 133 3
119 140 -9
119 120 -3
119 142 -2
119 124 -7
119 150 4
119 121 -4
119 147 -5
119 130 -6
119 138 7
119 127 -3
119 131 -9
119 122 7
119 135 -1
120 125 8
120 144 -3
120 121 6
120 131 3
120 130 4
120 141 6
120 138 1
120 135 -2
120 123 7
120 127 4
120 145 10
120 147 -9
120 134 10
120 150 -2
120 136 -4
120 146 1
120 124 -4
120 132 7
120 139 -5
120 143 -3
120 148 -9
120 137 7
120 122 6
121 127 4
121 150 6
121 147 6
121 131 0
121 146 -3
121 123 9
121 138 -4
121 148 -9
121 130 -6
121 144 -4
121 132 -8
121 141 5
121 145 4
121 137 -8
121 136 -7
121 135 5
121 143 10
122 123 -8
122 138 -9
122 142 -1
122 133 0
122 149 10
122 150 -3
122 132 -2
122 131 -10
122 148 -2
122 134 3
122 140 -6
122 141 -1
122 144 -8
122 125 -10
122 136 2
123 127 4
123 125 -9
123 149 -7
123 140 4
123 138 -7
123 129 -2
123 124 7
123 150 10
123 136 8
123 144 -3
123 126 8
124 143 -7
124 140 3
124 136 6
124 128 10
124 127 -2
124 138 10
124 146 5
124 126 10
124 150 5
124 132 0
124 133 6
124 142 9
125 139 10
125 149 -6
125 144 -2
125 131 3
125 141 10
125 138 3
125 140 0
125 128 5
125 129 -1
125 145 10
125 147 -3
125 146 -6
125 130 -10
125 126 -3
125 132 3
126 138 -3
126 144 -7
126 149 -1
126 150 -8
126 142 -2
126 129 3
126 127 4
126 140 -9
126 131 10
126 133 5
126 137 4
126 146 -2
127 145 10
127 146 0
127 136 -4
127 130 4
127 142 -2
127 150 -3
127 134 -6
127 128 8
127 148 5
127 139 -9
127 140 7
127 144 4
127 149 -8
127 147 10
128 130 -7
128 148 -3
128 129 -4
128 136 2
128 150 10
128 133 0
128 131 -6
128 144 10
128 143 0
128 146 5
128 141 7
129 136 2
129 138 4
129 149 -3
129 147 -6
129 134 -3
129 144 8
129 140 -2
129 150 10
129 148 -8
129 139 2
129 135 -5
129 133 8
129 141 -10
129 143 -4
129 132 1
129 146 10
130 143 -9
130 136 9
130 148 0
130 135 -4
130 133 -8
130 146 -3
130 141 -5
130 147 -10
130 138 9
131 138 -6
131 133 2
131 143 6
131 140 10
131 147 1
131 137 -5
131 139 -10
131 148 3
132 147 5
132 143 -6
132 142 0
132 135 -5
132 145 9
132 134 -6
132 141 -10
132 136 -10
132 139 9
133 136 2
133 143 -7
133 148 5
133 146 3
133 150 -2
133 140 -1
133 147 7
133 137 -8
134 141 8
134 136 -10
134 147 0
134 149 4
134 138 -2
134 143 3
134 145 10
135 143 10
135 144 -4
135 150 10
135 147 -9
135 138 10
135 139 3
135 141 -7
135 136 9
135 148 8
136 144 3
136 143 7
136 150 -1
136 146 7
136 139 9
136 142 -5
136 138 -5
136 149 0
136 148 -1
137 149 10
137 150 -10
137 139 -9
137 148 1
137 138 -9
137 143 5
138 148 0
138 141 9
138 147 0
138 145 9
138 139 1
138 140 -1
138 142 10
138 150 -2
139 146 7
139 148 3
139 141 1
140 144 -4
140 148 0
140 143 10
140 147 7
140 150 -5
140 149 -1
140 146 2
141 145 -6
141 150 -10
141 142 0
142 144 -8
142 146 0
142 150 -4
142 149 4
142 143 6
143 150 -8
144 146 -10
144 150 -4
144 145 0
145 146 -3
145 149 -1
145 150 -2
145 148 10
146 149 5
146 148 5
147 150 7
147 148 -7
148 149 -6
148 150 6
149 150 -7
