150 10058 
1 77 10
1 146 5
1 57 -8
1 52 5
1 133 4
1 39 -10
1 122 -6
1 130 9
1 100 -9
1 102 -2
1 2 1
1 17 5
1 41 -2
1 49 10
1 21 -1
1 109 -3
1 143 5
1 91 8
1 58 2
1 37 -2
1 110 6
1 50 1
1 63 1
1 80 -10
1 15 -6
1 145 10
1 19 2
1 119 -2
1 23 -6
1 99 6
1 42 -2
1 76 10
1 62 10
1 139 -3
1 98 -10
1 74 -7
1 123 -8
1 127 -4
1 149 3
1 140 4
1 141 -9
1 34 -8
1 78 -3
1 147 -1
1 79 7
1 51 -6
1 18 9
1 131 -6
1 108 3
1 73 -8
1 36 2
1 48 1
1 14 -6
1 53 -8
1 97 6
1 101 1
1 16 -6
1 84 7
1 4 -8
1 6 -7
1 35 9
1 83 -10
1 105 9
1 89 7
1 44 -7
1 128 -5
1 13 -7
1 31 -4
1 82 8
1 54 5
1 12 7
1 129 -9
1 25 -4
1 65 10
1 86 -5
1 47 9
1 38 6
1 67 10
1 132 -1
1 87 -1
1 55 1
1 27 -2
1 106 3
1 112 1
1 138 -6
1 72 -4
1 85 -8
1 134 -3
1 28 -5
1 148 -2
1 24 2
1 22 -8
1 59 -6
1 68 7
1 71 3
1 124 4
1 107 2
1 104 5
1 8 -7
1 30 10
1 111 6
1 26 4
1 69 2
1 3 6
1 95 1
1 118 -4
1 137 8
1 60 6
1 120 4
1 103 10
1 126 4
1 9 -3
1 64 0
1 75 1
1 121 3
1 70 1
1 40 2
1 66 -1
1 33 4
1 11 5
1 113 10
1 136 7
1 93 -8
1 46 4
1 96 7
1 32 9
1 150 -1
1 5 10
1 7 0
1 88 -2
1 142 5
1 116 5
1 144 -8
1 114 9
1 81 10
1 43 10
2 91 -3
2 119 4
2 22 3
2 8 -2
2 139 1
2 135 2
2 92 -7
2 43 1
2 109 -4
2 68 -1
2 14 -6
2 24 -6
2 127 9
2 107 9
2 128 3
2 123 -1
2 81 2
2 141 8
2 102 -6
2 70 -7
2 71 8
2 58 3
2 80 2
2 45 2
2 7 -9
2 6 -9
2 121 -10
2 131 7
2 140 -5
2 21 -1
2 88 0
2 59 5
2 53 -8
2 124 -4
2 136 8
2 112 9
2 36 3
2 41 8
2 111 6
2 18 -6
2 125 -10
2 61 1
2 5 10
2 3 -3
2 44 4
2 148 3
2 87 0
2 30 5
2 67 5
2 147 -4
2 20 0
2 42 -9
2 38 7
2 54 -3
2 48 8
2 9 6
2 28 -1
2 145 -3
2 72 6
2 129 4
2 52 9
2 74 9
2 86 -9
2 149 8
2 142 9
2 100 4
2 25 5
2 78 2
2 40 -5
2 63 9
2 122 0
2 108 6
2 19 6
2 83 1
2 23 -3
2 26 -9
2 51 -6
2 47 5
2 116 -6
2 27 4
2 29 -3
2 50 -4
2 35 5
2 104 -10
2 146 -3
2 55 -6
2 98 -10
2 15 5
2 16 8
2 132 8
2 113 0
2 150 -7
2 110 -1
2 90 -1
2 39 -1
2 95 -2
2 13 3
2 33 -5
2 97 -2
2 64 -6
2 103 0
2 93 -4
2 65 8
2 105 -2
2 138 5
2 130 0
2 57 4
2 66 -5
2 73 -6
2 12 -2
2 96 7
2 49 -2
2 62 1
2 120 -8
2 79 1
2 133 0
2 56 -1
2 115 -3
2 99 6
2 84 3
2 77 9
2 126 7
2 34 -9
2 144 0
2 101 -5
2 118 -4
2 76 8
2 37 -3
2 85 2
2 143 -8
2 32 0
2 114 2
2 46 -5
2 75 0
3 135 -9
3 46 -9
3 62 9
3 59 4
3 111 -9
3 95 -6
3 8 1
3 127 8
3 28 6
3 140 6
3 96 8
3 93 -9
3 53 -10
3 75 -6
3 121 -8
3 64 -2
3 146 3
3 38 4
3 34 9
3 24 0
3 19 -7
3 41 4
3 69 -3
3 47 0
3 100 4
3 33 -2
3 27 6
3 54 0
3 108 -9
3 65 -5
3 7 6
3 36 -7
3 123 -9
3 128 -8
3 133 -8
3 44 1
3 12 -7
3 13 -5
3 107 -1
3 120 -7
3 136 8
3 83 -9
3 42 -3
3 91 9
3 104 -7
3 74 7
3 114 10
3 112 0
3 14 5
3 45 -1
3 4 5
3 56 -4
3 106 -6
3 99 10
3 97 3
3 52 4
3 72 -1
3 102 1
3 37 -8
3 124 -1
3 68 4
3 132 -8
3 70 7
3 73 6
3 143 1
3 92 -2
3 87 2
3 82 -9
3 101 0
3 35 3
3 6 -10
3 126 1
3 15 -2
3 142 3
3 40 2
3 137 -4
3 39 -9
3 81 6
3 90 1
3 122 1
3 26 8
3 76 1
3 17 -3
3 32 3
3 66 1
3 22 1
3 51 -7
3 141 -10
3 16 -3
3 89 0
3 50 2
3 116 -9
3 145 7
3 9 2
3 147 0
3 21 -8
3 77 -4
3 94 -2
3 63 9
3 84 10
3 79 5
3 103 2
3 119 10
3 60 -7
3 125 1
3 139 -3
3 49 -5
3 25 1
3 48 5
3 85 -5
3 30 -8
3 61 -9
3 131 6
3 43 3
3 148 -2
3 80 -8
3 57 -2
3 71 -3
3 115 -9
3 117 -1
3 113 -2
3 129 -1
3 109 6
3 11 6
3 149 10
3 150 -4
3 118 10
3 144 2
3 88 7
3 10 5
3 98 7
3 20 10
4 145 -6
4 5 -8
4 13 6
4 100 8
4 99 6
4 55 -2
4 122 -7
4 106 4
4 91 5
4 75 2
4 74 7
4 31 -8
4 61 -8
4 72 -7
4 42 -2
4 136 7
4 149 6
4 64 5
4 93 4
4 105 9
4 128 7
4 94 10
4 98 0
4 87 -8
4 139 4
4 131 -1
4 70 6
4 69 -10
4 35 6
4 43 10
4 76 2
4 113 10
4 8 7
4 142 2
4 126 -4
4 116 -3
4 79 -2
4 88 10
4 102 -6
4 81 -4
4 104 4
4 57 4
4 16 -8
4 38 -4
4 144 4
4 132 0
4 37 -3
4 146 1
4 78 3
4 101 5
4 32 10
4 18 -1
4 71 1
4 19 -8
4 90 5
4 133 9
4 28 3
4 51 0
4 97 4
4 120 5
4 140 -5
4 141 1
4 41 9
4 12 -8
4 115 6
4 103 -2
4 127 -1
4 52 -8
4 53 6
4 84 -4
4 58 1
4 17 -1
4 77 6
4 29 -5
4 112 3
4 85 0
4 117 -6
4 121 7
4 114 -5
4 20 -2
4 14 2
4 24 -4
4 138 -4
4 123 -7
4 134 -5
4 21 3
4 96 6
4 36 5
4 40 9
4 148 -1
4 118 4
4 89 -8
4 46 -3
4 86 -3
4 67 -2
4 44 -3
4 147 -7
4 108 3
4 11 -7
4 109 8
4 111 -2
4 39 -6
4 119 6
4 27 1
4 30 0
4 83 5
4 73 5
4 26 7
4 68 3
4 92 -8
4 25 -9
4 135 6
4 60 -5
4 95 7
4 15 -8
4 129 -8
4 33 3
4 143 10
4 62 -10
4 47 -3
4 124 3
4 63 0
4 34 -5
4 150 9
4 45 -6
4 59 -5
4 54 6
4 137 -8
5 134 -5
5 125 -3
5 49 7
5 69 7
5 7 0
5 57 5
5 131 8
5 107 8
5 65 -3
5 54 8
5 102 3
5 132 -7
5 20 9
5 139 10
5 79 -6
5 8 -1
5 83 6
5 121 -9
5 114 8
5 71 3
5 100 -4
5 15 7
5 11 -4
5 94 0
5 92 -8
5 36 6
5 41 -6
5 61 1
5 137 -3
5 13 -3
5 145 0
5 47 8
5 25 -1
5 23 4
5 86 -4
5 135 -5
5 143 -7
5 12 5
5 28 -2
5 118 1
5 126 4
5 138 -6
5 80 0
5 64 5
5 22 -9
5 38 2
5 31 -7
5 148 4
5 108 1
5 75 -2
5 63 4
5 24 10
5 70 8
5 110 1
5 40 -9
5 32 5
5 130 -4
5 89 -9
5 10 1
5 52 -2
5 133 -9
5 26 -3
5 73 -2
5 128 5
5 104 -5
5 90 9
5 91 3
5 46 9
5 29 -10
5 149 -1
5 85 -4
5 96 10
5 112 10
5 103 8
5 115 6
5 150 1
5 84 -2
5 146 7
5 55 -6
5 119 -3
5 136 4
5 122 -7
5 66 8
5 123 -4
5 82 -8
5 58 9
5 21 -5
5 6 9
5 74 9
5 141 -4
5 87 -6
5 62 -1
5 18 8
5 51 8
5 53 -5
5 106 -8
5 44 2
5 17 -8
5 68 10
5 48 8
5 56 1
5 72 0
5 19 -4
5 37 6
5 50 -8
5 97 -7
5 33 4
5 43 -9
5 27 -3
5 35 4
5 45 5
5 67 3
5 77 8
5 101 -8
5 99 -7
5 34 5
5 127 10
5 109 3
5 59 -4
5 144 2
5 120 3
5 81 -2
5 105 8
5 113 -4
5 78 -7
5 30 6
5 14 -2
5 124 6
5 93 -2
5 116 -3
5 9 -6
6 145 -7
6 95 10
6 127 -4
6 119 6
6 83 10
6 67 6
6 29 3
6 52 1
6 51 4
6 107 1
6 78 8
6 142 -9
6 23 -6
6 149 -9
6 132 -5
6 86 7
6 120 7
6 113 0
6 43 10
6 45 -3
6 106 -5
6 139 9
6 118 -1
6 133 -1
6 144 -5
6 77 10
6 88 -10
6 97 2
6 140 7
6 56 -2
6 10 -5
6 24 6
6 115 1
6 64 0
6 49 -2
6 58 10
6 134 7
6 17 -5
6 121 10
6 15 5
6 135 -9
6 125 -2
6 99 -2
6 42 6
6 44 -1
6 48 -4
6 124 1
6 30 1
6 129 -4
6 110 1
6 36 -2
6 90 -4
6 73 -4
6 98 3
6 26 0
6 112 7
6 128 4
6 13 -3
6 108 -5
6 117 5
6 62 5
6 147 2
6 96 -10
6 61 -8
6 116 -5
6 20 -5
6 150 -9
6 66 -7
6 136 -1
6 39 9
6 74 6
6 122 -4
6 57 10
6 41 1
6 89 6
6 63 8
6 126 8
6 60 5
6 25 7
6 54 -1
6 85 -4
6 141 10
6 71 1
6 21 -3
6 94 -7
6 87 -7
6 138 3
6 12 2
6 69 -4
6 55 5
6 76 -10
6 84 -9
6 114 5
6 38 -1
6 47 -7
6 137 3
6 123 1
6 70 -1
6 131 4
6 130 -2
6 92 -9
6 28 5
6 16 5
6 100 9
6 148 4
6 82 -9
6 9 -9
6 81 0
6 143 10
6 111 -8
6 7 -3
6 146 3
6 109 4
6 31 9
6 40 -8
6 68 -6
6 34 9
6 72 -6
6 103 -6
6 19 -4
6 93 6
6 35 6
6 37 7
6 104 -4
6 27 2
6 102 5
6 91 9
6 14 4
6 80 -7
6 101 -3
7 96 9
7 83 5
7 103 4
7 35 -2
7 37 0
7 105 -7
7 148 4
7 17 -3
7 81 3
7 67 1
7 75 6
7 128 9
7 114 9
7 120 -9
7 77 0
7 23 -2
7 73 -1
7 10 -7
7 72 -1
7 52 -9
7 19 -2
7 138 -2
7 145 0
7 61 1
7 79 -9
7 111 -7
7 93 -9
7 59 -1
7 112 10
7 133 -5
7 74 -4
7 135 -4
7 45 5
7 94 5
7 87 -5
7 21 -7
7 113 4
7 132 -9
7 13 -9
7 141 0
7 140 3
7 34 -5
7 30 3
7 55 9
7 48 9
7 40 -4
7 118 2
7 27 2
7 38 -9
7 90 -5
7 99 8
7 56 5
7 80 -7
7 89 -1
7 58 3
7 139 -7
7 9 -9
7 143 -3
7 126 8
7 122 -4
7 150 10
7 117 5
7 91 10
7 125 3
7 32 2
7 100 4
7 22 2
7 11 -2
7 70 -2
7 110 2
7 49 -4
7 127 -5
7 8 -3
7 24 -3
7 51 10
7 25 -6
7 136 3
7 134 5
7 62 7
7 68 6
7 76 4
7 129 -1
7 95 1
7 36 -4
7 92 -6
7 106 -9
7 15 -2
7 88 -8
7 142 -9
7 147 -4
7 39 -8
7 12 2
7 18 8
7 71 -3
7 64 9
7 144 6
7 82 7
7 121 -8
7 107 -4
7 28 0
7 119 4
7 97 6
7 66 10
7 43 10
7 33 1
7 63 7
7 101 -1
7 146 5
7 57 -6
7 98 -2
7 60 1
7 84 3
7 109 6
7 86 -9
7 29 -9
7 137 -6
7 78 -6
7 46 5
7 123 4
7 69 10
7 14 -1
7 108 1
7 20 5
7 124 -1
7 42 3
7 53 7
7 131 3
7 50 -8
7 26 7
8 77 -9
8 136 -2
8 91 -1
8 35 -5
8 44 -5
8 26 5
8 121 1
8 27 4
8 60 9
8 138 -5
8 102 8
8 143 1
8 72 -3
8 112 -9
8 54 -7
8 50 5
8 45 4
8 104 10
8 97 7
8 88 -1
8 149 6
8 30 8
8 59 4
8 89 6
8 24 -7
8 76 9
8 123 -4
8 134 8
8 96 -8
8 119 4
8 93 7
8 23 -9
8 40 1
8 115 10
8 94 5
8 125 -8
8 14 4
8 114 3
8 142 9
8 144 2
8 132 1
8 38 3
8 139 -9
8 118 9
8 78 -5
8 57 -10
8 103 -5
8 86 -1
8 113 -5
8 32 4
8 18 -2
8 29 9
8 110 10
8 148 -2
8 70 5
8 75 8
8 81 -10
8 12 8
8 92 2
8 116 -4
8 34 8
8 83 -8
8 21 8
8 140 0
8 87 1
8 19 4
8 68 -7
8 16 7
8 56 1
8 20 -7
8 101 -8
8 145 5
8 67 -4
8 62 7
8 120 4
8 39 1
8 146 -8
8 147 -7
8 10 -10
8 52 8
8 117 -9
8 11 -1
8 61 5
8 13 -10
8 141 10
8 71 8
8 126 -3
8 124 -1
8 130 0
8 48 -8
8 108 9
8 64 2
8 63 -3
8 25 -8
8 65 3
8 55 10
8 15 4
8 137 -10
8 150 6
8 107 -3
8 53 8
8 73 1
8 100 8
8 122 -4
8 127 8
8 28 10
8 66 -5
8 111 -8
8 85 5
8 74 -9
8 128 5
8 47 -8
8 133 2
8 22 5
8 135 -4
8 37 -6
8 46 -4
8 42 7
8 41 -9
8 95 2
8 84 10
8 58 -9
8 69 -7
8 51 9
8 36 1
8 49 -8
8 79 8
8 99 2
8 31 -9
8 98 2
9 126 6
9 30 -2
9 76 5
9 17 8
9 13 8
9 101 -10
9 53 -7
9 138 -10
9 134 9
9 145 -2
9 51 7
9 79 0
9 32 -2
9 15 -1
9 132 -8
9 89 5
9 20 -5
9 94 -10
9 40 3
9 121 -10
9 78 8
9 87 7
9 113 8
9 43 -8
9 41 6
9 24 5
9 137 1
9 136 -7
9 96 -10
9 63 -9
9 56 -4
9 38 7
9 100 -8
9 110 4
9 125 -7
9 91 10
9 115 -7
9 131 -7
9 144 -10
9 50 -4
9 95 -3
9 102 -1
9 36 0
9 52 3
9 75 -6
9 71 10
9 139 -5
9 11 4
9 142 2
9 149 -10
9 84 -1
9 143 6
9 106 3
9 133 3
9 65 9
9 23 4
9 69 -6
9 47 -2
9 105 2
9 92 -3
9 45 -10
9 16 -1
9 135 10
9 97 -6
9 62 1
9 29 1
9 130 0
9 37 -5
9 141 -3
9 54 -10
9 90 -1
9 49 -2
9 82 -4
9 140 3
9 112 6
9 119 -8
9 124 10
9 22 -1
9 35 6
9 31 -8
9 93 -6
9 34 -1
9 114 -2
9 147 1
9 107 -8
9 117 5
9 10 -9
9 21 7
9 122 10
9 127 -4
9 99 -8
9 85 -7
9 109 -8
9 72 -8
9 70 -2
9 28 10
9 80 5
9 44 -8
9 64 -3
9 148 6
9 58 8
9 57 1
9 14 -1
9 42 4
9 60 -8
9 74 6
9 88 -6
9 68 1
9 81 -2
9 59 -2
9 103 -9
9 83 -10
9 39 -2
9 66 10
9 98 -1
9 129 1
9 26 3
9 46 2
9 12 4
9 33 8
9 128 5
9 55 5
9 19 -8
9 116 6
9 150 8
9 108 -5
10 16 10
10 33 -8
10 81 -10
10 20 4
10 97 4
10 134 -8
10 66 -5
10 18 3
10 138 5
10 136 -4
10 95 -10
10 14 3
10 110 -10
10 92 0
10 145 9
10 149 -2
10 88 3
10 54 4
10 13 7
10 41 6
10 61 -5
10 23 4
10 60 -5
10 147 -6
10 140 1
10 137 -4
10 90 3
10 82 -8
10 37 1
10 135 10
10 47 -6
10 139 -7
10 126 0
10 59 -8
10 120 -6
10 35 -4
10 115 1
10 74 -6
10 129 10
10 78 7
10 56 7
10 94 -7
10 19 1
10 98 10
10 130 -1
10 58 -8
10 32 -5
10 11 -9
10 12 2
10 45 10
10 87 -2
10 99 -2
10 63 3
10 21 -6
10 111 3
10 44 -4
10 144 3
10 68 -8
10 116 2
10 91 9
10 131 -10
10 55 -4
10 103 -1
10 117 -3
10 38 -6
10 70 -5
10 114 1
10 119 2
10 79 -8
10 107 3
10 132 -1
10 28 5
10 77 -4
10 104 8
10 121 -1
10 52 7
10 22 -7
10 112 4
10 85 3
10 34 4
10 106 2
10 122 -10
10 51 -8
10 71 8
10 142 -8
10 69 -9
10 30 -4
10 89 0
10 57 3
10 48 -1
10 102 1
10 80 1
10 105 -3
10 17 3
10 65 -1
10 100 5
10 31 -8
10 141 -4
10 64 9
10 75 -1
10 109 1
10 62 3
10 27 -7
10 26 -1
10 40 1
10 128 9
10 113 -10
10 39 2
10 146 4
10 133 -9
10 93 -6
10 53 -10
10 108 0
10 67 8
10 29 6
10 118 -8
10 36 10
10 125 -1
10 25 0
10 123 -6
10 49 -9
10 42 -3
11 61 -9
11 150 -10
11 87 4
11 89 3
11 90 9
11 21 -5
11 45 -1
11 114 2
11 102 -2
11 34 -9
11 146 1
11 135 4
11 132 -6
11 67 3
11 85 3
11 121 7
11 113 -5
11 54 -10
11 122 -1
11 32 -8
11 137 8
11 29 -9
11 26 -4
11 71 -1
11 125 8
11 96 8
11 13 -6
11 94 9
11 115 -7
11 81 -2
11 59 0
11 141 -4
11 136 6
11 106 0
11 27 -1
11 104 -9
11 117 -4
11 78 -2
11 33 -5
11 118 -7
11 50 -9
11 35 8
11 55 1
11 20 -1
11 126 7
11 88 4
11 42 -7
11 131 -6
11 84 6
11 98 0
11 30 1
11 95 1
11 39 2
11 17 5
11 99 7
11 40 3
11 129 6
11 149 -9
11 43 -4
11 124 -6
11 49 -7
11 111 -5
11 12 4
11 109 10
11 24 3
11 14 9
11 74 1
11 38 6
11 101 -6
11 68 7
11 97 7
11 53 4
11 91 -1
11 82 0
11 128 9
11 120 10
11 86 -9
11 83 9
11 133 8
11 143 6
11 79 -3
11 18 -5
11 44 -1
11 147 3
11 144 10
11 62 -8
11 138 1
11 107 10
11 48 5
11 110 -9
11 69 -10
11 36 1
11 105 5
11 100 6
11 77 10
11 51 9
11 130 -2
11 116 -9
11 63 10
11 22 -10
11 28 -8
11 60 -2
11 23 2
11 75 -8
11 92 1
11 103 10
11 66 0
11 142 3
11 123 -1
11 73 0
11 58 8
11 64 9
11 65 8
11 31 0
11 80 -9
11 41 8
11 119 6
11 112 0
11 15 -6
11 56 -7
11 108 0
11 46 2
11 47 2
11 76 7
11 134 4
11 37 6
11 57 3
12 145 4
12 110 10
12 102 2
12 133 -7
12 53 8
12 36 -3
12 130 -8
12 114 10
12 149 7
12 57 -10
12 89 -8
12 117 -9
12 65 -1
12 52 2
12 143 -1
12 13 0
12 125 -8
12 135 -8
12 112 2
12 82 5
12 132 -9
12 38 7
12 96 5
12 95 0
12 64 8
12 29 0
12 97 9
12 134 9
12 91 -6
12 33 4
12 146 8
12 70 7
12 74 3
12 100 -3
12 90 -3
12 123 4
12 51 3
12 83 3
12 15 -6
12 17 2
12 55 3
12 126 -9
12 25 1
12 128 9
12 39 4
12 24 -9
12 67 -3
12 129 1
12 108 1
12 138 2
12 61 -9
12 19 -6
12 28 9
12 68 7
12 136 7
12 62 -4
12 32 -10
12 144 5
12 75 -7
12 42 6
12 60 10
12 72 2
12 79 2
12 106 5
12 46 2
12 98 -8
12 18 -5
12 115 -5
12 21 -9
12 54 -6
12 93 3
12 139 0
12 78 -5
12 80 -8
12 58 -3
12 43 10
12 47 -4
12 124 8
12 76 -9
12 63 -1
12 94 0
12 27 0
12 142 4
12 22 -8
12 50 0
12 77 1
12 26 -2
12 49 -6
12 120 -1
12 87 -8
12 37 7
12 71 -4
12 31 3
12 73 -5
12 35 8
12 104 3
12 56 10
12 16 0
12 116 0
12 23 -8
12 122 3
12 86 10
12 66 -1
12 127 -1
12 105 -8
12 140 -1
12 34 -5
12 141 -8
12 88 -6
12 69 -3
12 131 1
12 147 1
12 111 9
12 85 -3
12 30 2
12 48 9
12 103 -1
12 14 -4
12 137 4
12 109 2
12 107 4
12 81 -6
12 99 9
12 59 -8
13 100 1
13 77 0
13 38 -1
13 89 -2
13 132 8
13 49 -8
13 123 9
13 70 6
13 81 1
13 94 -6
13 69 -7
13 18 0
13 34 -4
13 67 0
13 45 -4
13 21 -9
13 29 -5
13 144 -2
13 76 -9
13 149 -8
13 68 -1
13 124 -7
13 128 -3
13 15 -9
13 27 6
13 110 -5
13 129 -7
13 64 8
13 85 -5
13 92 -5
13 119 -7
13 141 1
13 91 -3
13 126 10
13 60 -4
13 134 -8
13 73 -6
13 25 -4
13 130 9
13 32 -1
13 62 -2
13 65 -8
13 75 -7
13 107 -1
13 108 4
13 122 1
13 96 6
13 116 0
13 120 8
13 104 -2
13 111 5
13 118 -1
13 17 5
13 31 0
13 51 0
13 112 10
13 22 9
13 83 10
13 44 -6
13 37 7
13 59 6
13 30 8
13 19 6
13 125 4
13 145 4
13 35 -5
13 84 -5
13 26 -6
13 121 -8
13 143 -9
13 79 -5
13 150 -9
13 117 1
13 95 -4
13 105 10
13 14 -5
13 55 2
13 66 1
13 20 3
13 99 2
13 137 2
13 16 2
13 58 -4
13 82 -7
13 138 -1
13 52 -7
13 139 -8
13 114 10
13 54 3
13 102 -10
13 87 -5
13 71 -6
13 78 -2
13 133 -5
13 113 9
13 39 -4
13 148 10
13 131 6
13 46 -5
13 142 -6
13 48 10
13 80 6
13 43 -9
13 90 -9
13 63 5
13 41 9
13 103 -2
13 56 4
13 72 5
13 33 -5
13 135 -5
13 97 7
13 93 -8
13 98 -1
13 36 -2
13 88 7
13 57 -6
13 23 3
13 140 5
13 127 -10
13 115 -1
14 58 9
14 111 6
14 22 0
14 54 4
14 86 -10
14 128 -1
14 133 7
14 90 6
14 126 9
14 28 -7
14 27 -9
14 46 6
14 150 -5
14 129 7
14 132 -6
14 80 8
14 55 8
14 82 -1
14 95 10
14 142 4
14 107 -7
14 16 -9
14 134 4
14 148 9
14 24 -1
14 15 1
14 140 3
14 30 0
14 109 -5
14 110 3
14 113 5
14 49 1
14 130 -9
14 93 -6
14 71 -5
14 73 -2
14 124 -3
14 79 5
14 39 4
14 89 -2
14 40 10
14 35 2
14 91 5
14 146 -9
14 78 2
14 19 -5
14 81 -9
14 26 10
14 21 3
14 147 2
14 121 4
14 67 5
14 18 0
14 66 -3
14 44 10
14 76 8
14 31 -9
14 118 10
14 77 5
14 20 0
14 45 5
14 64 -1
14 139 -7
14 119 3
14 36 -1
14 108 -6
14 145 -8
14 87 -6
14 50 6
14 37 2
14 105 -9
14 75 0
14 84 8
14 98 -3
14 92 1
14 57 9
14 59 -3
14 103 4
14 41 2
14 65 -9
14 88 5
14 135 1
14 94 10
14 122 3
14 74 5
14 112 -2
14 99 5
14 116 -2
14 97 5
14 25 6
14 125 -5
14 101 -8
14 29 7
14 61 0
14 104 -6
14 127 -6
14 34 3
14 123 -8
14 47 -6
14 83 1
14 38 -5
14 102 -2
14 70 -3
14 60 -3
14 72 10
14 62 -4
14 56 -2
14 68 -2
14 100 7
14 143 -3
14 42 -3
14 63 9
14 33 -8
14 120 2
14 69 -5
14 117 -3
14 106 -10
14 23 -6
14 53 -4
14 131 6
14 43 10
14 51 5
15 82 8
15 26 -9
15 121 -10
15 19 6
15 115 3
15 148 -2
15 84 3
15 16 0
15 149 -1
15 111 -8
15 34 3
15 20 5
15 130 1
15 113 -5
15 147 10
15 95 -5
15 116 -5
15 85 -2
15 40 1
15 72 10
15 144 -3
15 73 6
15 30 -5
15 51 8
15 135 -3
15 114 -8
15 107 9
15 63 -1
15 25 -6
15 125 -1
15 57 1
15 29 -3
15 118 -6
15 18 5
15 36 7
15 89 9
15 145 2
15 47 -3
15 139 -10
15 142 -2
15 61 1
15 112 0
15 37 10
15 70 -7
15 127 3
15 80 -1
15 143 3
15 77 -2
15 46 6
15 88 5
15 99 2
15 110 6
15 27 -8
15 83 -6
15 23 2
15 81 8
15 103 -3
15 78 3
15 54 4
15 75 -1
15 66 6
15 32 3
15 126 -4
15 38 -10
15 92 8
15 79 -3
15 35 -2
15 138 -6
15 74 -4
15 71 4
15 76 10
15 140 8
15 42 4
15 132 -4
15 43 3
15 105 1
15 41 4
15 141 -6
15 31 9
15 21 10
15 104 5
15 45 7
15 52 2
15 131 -1
15 60 -2
15 129 9
15 106 7
15 59 10
15 17 -8
15 100 2
15 87 4
15 44 -5
15 98 -5
15 56 -7
15 146 4
15 120 -2
15 128 10
15 62 0
15 94 1
15 68 4
15 86 6
15 22 -9
15 137 -9
15 69 0
15 123 0
15 124 -6
15 28 8
15 50 8
15 90 -9
15 133 5
15 150 3
15 65 -3
15 97 5
15 93 -5
15 67 -3
15 48 -1
15 58 -8
15 33 10
15 64 7
15 122 -7
15 108 3
15 96 2
15 134 5
15 39 -9
15 109 4
16 104 2
16 36 -1
16 131 -4
16 23 -3
16 65 0
16 32 -10
16 67 -3
16 55 -9
16 137 9
16 73 7
16 142 -6
16 132 2
16 78 -9
16 46 -7
16 141 -1
16 43 -10
16 118 -7
16 139 -5
16 105 -6
16 44 7
16 62 8
16 147 -4
16 35 10
16 83 -10
16 99 7
16 129 -3
16 126 7
16 84 2
16 31 -9
16 41 10
16 145 -5
16 120 -7
16 17 -10
16 75 -7
16 87 1
16 26 -5
16 94 1
16 20 -2
16 54 10
16 125 9
16 48 6
16 112 5
16 122 -10
16 101 6
16 66 9
16 30 -9
16 111 -4
16 53 -7
16 98 10
16 39 -7
16 123 -7
16 27 9
16 28 0
16 82 7
16 70 3
16 50 -10
16 56 -9
16 51 -1
16 109 10
16 64 10
16 25 -3
16 150 2
16 114 -8
16 29 3
16 24 -6
16 22 -7
16 58 -3
16 135 -10
16 149 -6
16 86 1
16 92 9
16 108 -4
16 72 7
16 63 8
16 49 -6
16 33 -10
16 148 4
16 134 4
16 95 -10
16 69 -6
16 18 -2
16 34 2
16 119 1
16 96 8
16 93 -8
16 110 1
16 45 10
16 136 -4
16 138 3
16 71 -7
16 77 -3
16 102 -7
16 90 -9
16 107 -10
16 121 -8
16 68 10
16 52 1
16 100 -1
16 61 5
16 79 8
16 124 3
16 37 -2
16 88 -10
16 146 5
16 59 10
16 106 -3
16 115 -7
16 57 -4
16 74 8
16 19 5
16 128 -6
16 97 7
16 21 3
16 144 -2
16 76 -10
16 60 0
16 127 -3
16 38 -5
17 34 6
17 146 3
17 40 10
17 86 -5
17 45 -5
17 133 -9
17 132 5
17 58 1
17 109 -1
17 130 -3
17 150 6
17 32 0
17 37 -3
17 76 2
17 126 -6
17 42 -6
17 96 -6
17 121 -4
17 119 -1
17 79 -2
17 122 -5
17 128 9
17 63 9
17 23 8
17 75 8
17 49 4
17 65 -6
17 83 -6
17 78 6
17 69 -7
17 124 9
17 71 0
17 145 8
17 148 0
17 30 -8
17 88 7
17 87 4
17 56 -8
17 27 0
17 115 7
17 135 -10
17 33 -6
17 36 -7
17 72 -7
17 51 3
17 21 -4
17 91 5
17 48 -8
17 64 -1
17 59 -9
17 73 10
17 35 -7
17 136 -2
17 118 9
17 116 -4
17 18 -7
17 70 4
17 98 -3
17 149 -7
17 104 -9
17 68 9
17 106 -9
17 28 7
17 62 -6
17 29 9
17 137 9
17 108 -10
17 82 5
17 113 -6
17 125 -7
17 60 7
17 26 3
17 90 8
17 80 6
17 93 2
17 39 -6
17 67 7
17 144 -2
17 105 -9
17 111 5
17 22 10
17 25 3
17 101 -6
17 55 -4
17 100 -7
17 114 4
17 123 5
17 46 -5
17 38 1
17 84 8
17 127 2
17 61 5
17 77 0
17 147 -9
17 89 0
17 20 4
17 94 -1
17 129 6
17 143 7
17 53 -9
17 97 -8
17 24 1
17 142 9
17 103 -5
17 131 5
17 134 4
17 138 -10
17 47 2
17 112 -8
17 74 3
17 141 9
17 120 4
17 41 7
17 117 8
17 107 1
17 99 0
17 85 4
17 95 -5
17 102 3
17 52 5
17 19 -8
17 92 0
17 66 9
17 81 6
18 26 9
18 19 3
18 136 8
18 106 -3
18 125 9
18 46 0
18 121 -5
18 120 8
18 79 2
18 69 4
18 62 -5
18 143 -8
18 74 3
18 20 -4
18 78 3
18 103 -1
18 92 0
18 39 2
18 128 4
18 68 -6
18 72 7
18 132 1
18 135 7
18 84 1
18 60 -3
18 52 -4
18 123 8
18 146 1
18 54 8
18 38 -6
18 95 10
18 29 -9
18 30 7
18 42 -2
18 107 0
18 109 10
18 47 -8
18 63 9
18 93 6
18 36 7
18 127 2
18 101 7
18 37 5
18 100 9
18 45 -5
18 22 7
18 24 -4
18 129 9
18 144 2
18 111 3
18 98 -3
18 122 -7
18 77 -2
18 94 2
18 64 9
18 145 7
18 61 10
18 82 5
18 102 9
18 91 1
18 33 -6
18 90 -9
18 55 7
18 83 -2
18 139 -7
18 28 -8
18 75 10
18 58 -10
18 97 3
18 31 5
18 126 -4
18 147 8
18 134 6
18 85 -10
18 50 0
18 131 -9
18 73 -8
18 99 -1
18 51 10
18 148 -8
18 88 4
18 112 -7
18 150 1
18 104 0
18 25 -4
18 118 -4
18 66 -7
18 32 -6
18 141 1
18 71 -7
18 115 -7
18 34 3
18 53 4
18 124 9
18 41 -5
18 23 -5
18 40 -9
18 70 -2
18 113 -3
18 87 -3
18 59 -4
18 116 8
18 133 3
18 65 5
18 142 -3
18 35 6
18 21 -5
18 89 -8
18 81 -1
18 137 8
18 130 -6
18 105 -10
18 67 7
18 27 1
18 86 -1
18 96 0
18 76 4
18 140 -2
18 56 -7
18 119 -3
19 64 8
19 137 -1
19 23 2
19 101 -10
19 94 3
19 117 1
19 119 -4
19 135 10
19 81 -2
19 83 2
19 48 9
19 29 -2
19 121 -5
19 70 -9
19 120 3
19 144 -9
19 143 9
19 93 -2
19 102 -8
19 115 7
19 104 0
19 59 -1
19 60 -3
19 114 9
19 128 -3
19 134 3
19 27 -1
19 54 5
19 140 -6
19 113 8
19 78 -10
19 38 -8
19 136 -7
19 118 5
19 87 0
19 77 0
19 20 -9
19 123 0
19 49 7
19 28 -3
19 132 -1
19 63 4
19 73 9
19 148 10
19 42 -3
19 98 -4
19 52 -6
19 34 4
19 75 -2
19 39 -3
19 133 -10
19 149 -9
19 106 -5
19 69 7
19 84 -3
19 103 -9
19 91 -5
19 131 3
19 76 8
19 65 7
19 41 7
19 56 -7
19 145 9
19 62 -8
19 127 -3
19 125 2
19 51 -6
19 150 0
19 55 1
19 66 -10
19 142 7
19 129 -5
19 32 -7
19 72 -8
19 74 0
19 116 3
19 110 -5
19 107 -1
19 44 -8
19 37 9
19 79 -6
19 31 -9
19 30 -7
19 21 7
19 139 5
19 85 -6
19 92 2
19 90 8
19 40 -5
19 111 9
19 33 -5
19 122 -5
19 82 -3
19 100 -10
19 112 0
19 57 7
19 58 2
19 53 -4
19 99 3
19 97 -4
19 35 -8
19 22 7
19 96 8
19 45 9
19 141 -7
19 71 2
19 80 4
19 43 -4
19 47 4
19 147 9
19 24 1
19 67 -2
19 68 2
19 46 4
19 50 -5
19 126 9
19 89 -5
19 95 9
19 124 10
19 25 3
19 109 -6
19 61 5
19 88 -1
20 82 -7
20 77 -6
20 90 0
20 56 7
20 150 0
20 30 -6
20 100 1
20 104 -2
20 116 10
20 63 -5
20 44 -1
20 48 1
20 27 10
20 105 -9
20 26 -6
20 110 4
20 146 -10
20 142 8
20 149 4
20 71 -4
20 97 -5
20 87 6
20 35 -2
20 133 6
20 45 -4
20 70 6
20 129 0
20 49 -1
20 109 -4
20 124 5
20 41 -1
20 21 0
20 130 9
20 84 7
20 131 10
20 53 -10
20 43 -5
20 80 4
20 120 0
20 29 -1
20 73 -5
20 81 -3
20 33 9
20 72 2
20 66 -10
20 42 -7
20 143 8
20 68 2
20 107 -9
20 111 -3
20 28 -8
20 114 0
20 46 -2
20 95 2
20 79 -6
20 127 7
20 64 -4
20 74 -8
20 32 -10
20 119 -10
20 76 -10
20 37 9
20 55 -6
20 147 10
20 86 -1
20 98 4
20 148 3
20 96 7
20 94 2
20 93 3
20 99 -2
20 118 -3
20 92 -3
20 102 -2
20 139 -2
20 145 -5
20 134 6
20 140 2
20 91 -4
20 40 -8
20 58 -8
20 83 4
20 88 -4
20 22 6
20 132 3
20 123 -10
20 115 10
20 23 -2
20 67 -6
20 106 -2
20 89 -2
20 65 10
20 52 -8
20 34 6
20 78 -2
20 101 3
20 36 3
20 62 -4
20 112 -10
20 135 -8
20 128 -8
20 144 9
20 75 0
20 54 -4
20 122 4
20 50 7
20 137 -5
20 60 3
21 62 -6
21 132 1
21 68 1
21 30 3
21 106 5
21 86 2
21 91 5
21 56 -4
21 52 2
21 101 5
21 23 -9
21 124 5
21 74 5
21 140 5
21 100 4
21 83 -10
21 65 -7
21 125 -9
21 88 -8
21 118 -7
21 29 1
21 114 -8
21 78 -7
21 97 -9
21 61 -1
21 77 -2
21 144 -7
21 138 9
21 112 -5
21 57 -4
21 116 7
21 26 -8
21 28 6
21 73 1
21 38 8
21 46 -7
21 85 -10
21 75 -3
21 107 -4
21 123 1
21 135 -10
21 59 5
21 40 -6
21 76 -6
21 58 10
21 41 -4
21 39 -6
21 35 5
21 49 -5
21 145 -10
21 142 10
21 126 -4
21 120 1
21 129 -10
21 45 10
21 149 3
21 109 -5
21 117 1
21 90 1
21 64 -9
21 80 -2
21 60 -9
21 102 6
21 147 4
21 51 8
21 150 6
21 69 1
21 95 -1
21 146 -3
21 133 5
21 103 9
21 22 -2
21 54 4
21 31 2
21 108 0
21 104 2
21 143 -1
21 111 -3
21 32 5
21 93 -3
21 63 6
21 42 -3
21 33 -9
21 94 9
21 50 -1
21 141 9
21 27 9
21 84 7
21 139 -7
21 127 -5
21 119 -3
21 47 -10
21 128 -6
21 70 3
21 121 3
21 66 4
21 130 9
21 96 7
21 113 6
21 71 10
21 48 6
21 36 7
21 99 -1
21 131 -6
21 122 3
21 105 7
21 98 8
21 134 -1
21 137 10
21 81 -10
21 55 -6
21 110 10
22 111 -2
22 94 5
22 63 9
22 61 -8
22 145 -5
22 70 4
22 28 9
22 74 -1
22 114 9
22 52 -2
22 77 -1
22 126 -10
22 50 1
22 91 -2
22 137 -2
22 112 -9
22 138 0
22 110 -7
22 96 -1
22 66 2
22 69 -2
22 58 -8
22 107 -4
22 62 9
22 53 -10
22 72 6
22 95 9
22 46 7
22 49 1
22 65 10
22 132 5
22 89 -8
22 31 2
22 136 -1
22 26 -3
22 36 6
22 84 8
22 38 1
22 51 -2
22 125 -5
22 82 6
22 37 -3
22 108 -7
22 59 8
22 131 -9
22 124 3
22 93 -9
22 144 10
22 71 -1
22 115 -2
22 139 -8
22 42 3
22 35 -2
22 25 10
22 117 -6
22 97 -9
22 133 4
22 119 -10
22 142 6
22 67 -1
22 88 8
22 134 -6
22 101 -4
22 56 4
22 116 -7
22 24 1
22 33 9
22 44 -10
22 120 8
22 109 7
22 23 -5
22 60 4
22 143 -8
22 105 1
22 79 10
22 64 4
22 54 -10
22 75 -3
22 45 10
22 135 3
22 118 7
22 47 0
22 104 0
22 130 -5
22 68 -4
22 113 -3
22 78 10
22 40 2
22 122 -5
22 129 -2
22 39 8
22 41 10
22 100 -9
22 92 -8
22 102 -7
22 103 -9
22 148 -7
22 80 -10
22 140 5
22 34 5
22 150 -8
22 121 -9
22 99 10
22 57 -2
22 123 10
22 30 1
22 43 -3
22 76 -4
22 106 6
22 83 -2
22 27 -7
22 98 -10
22 146 -6
22 141 10
22 128 9
22 48 9
22 86 2
22 29 -4
22 55 -6
22 147 5
22 73 -4
23 86 -7
23 127 -5
23 84 -3
23 39 1
23 117 -10
23 62 -10
23 25 10
23 148 7
23 71 1
23 89 -5
23 72 -3
23 109 -7
23 64 10
23 101 -1
23 114 -2
23 65 9
23 58 7
23 50 10
23 40 8
23 112 -10
23 47 -1
23 150 -2
23 88 1
23 100 9
23 82 -4
23 130 -1
23 111 9
23 125 8
23 126 3
23 81 0
23 48 -5
23 123 5
23 43 1
23 61 -1
23 122 6
23 54 -6
23 32 -10
23 136 -4
23 94 1
23 129 2
23 104 6
23 92 -4
23 103 -1
23 143 -1
23 113 1
23 31 -4
23 26 7
23 52 2
23 116 4
23 83 3
23 63 -5
23 37 -3
23 132 3
23 33 2
23 99 9
23 106 -4
23 95 -4
23 70 -2
23 41 -1
23 118 10
23 135 -9
23 110 7
23 137 -6
23 59 10
23 38 -2
23 24 -5
23 80 -2
23 55 1
23 128 -10
23 74 6
23 75 6
23 30 -2
23 91 -10
23 79 2
23 78 1
23 29 -5
23 57 2
23 56 3
23 46 -7
23 138 2
23 142 4
23 134 2
23 96 8
23 66 -2
23 68 -1
23 36 -7
23 119 3
23 140 4
23 67 10
23 108 -8
23 102 8
23 121 1
23 120 -1
23 73 5
23 27 -7
23 51 1
23 87 -9
23 146 -2
23 85 0
23 28 -6
23 42 9
23 93 -10
23 49 6
23 97 5
23 69 6
23 44 -3
23 139 -10
23 77 -5
23 131 -7
23 141 -8
23 34 -8
23 149 8
23 98 2
23 35 4
23 147 -1
23 53 2
23 45 3
23 144 -6
24 76 2
24 103 -3
24 148 10
24 70 2
24 104 -5
24 37 -4
24 72 -5
24 89 2
24 34 -5
24 50 -6
24 63 4
24 87 0
24 150 -9
24 134 -3
24 100 -2
24 39 6
24 51 6
24 98 0
24 60 8
24 118 -6
24 147 5
24 137 9
24 43 -4
24 83 -10
24 59 -2
24 130 -9
24 116 -2
24 58 9
24 53 -2
24 101 5
24 65 1
24 54 -4
24 45 -7
24 33 7
24 126 -10
24 52 -9
24 75 -4
24 44 -5
24 32 -5
24 145 0
24 106 7
24 64 -4
24 74 7
24 149 6
24 30 6
24 140 3
24 112 10
24 68 3
24 92 -4
24 42 -10
24 93 7
24 113 -9
24 97 -7
24 143 3
24 84 -7
24 123 9
24 66 1
24 47 -4
24 35 -10
24 144 -4
24 86 -6
24 124 9
24 109 8
24 125 -1
24 46 -3
24 139 -7
24 25 4
24 108 -9
24 41 -3
24 69 7
24 81 3
24 94 -7
24 129 8
24 26 -1
24 48 0
24 138 -2
24 78 4
24 146 -8
24 27 -7
24 73 4
24 99 9
24 56 4
24 55 2
24 128 -9
24 127 -6
24 111 -3
24 135 7
24 95 9
24 40 10
24 117 1
24 62 7
24 38 -10
24 79 -8
24 121 4
24 132 -5
24 49 5
24 122 3
24 96 -1
24 107 5
24 80 -1
24 36 -5
24 29 -4
24 131 10
24 120 7
24 119 -5
24 133 5
24 110 -3
24 102 -3
24 88 -4
24 61 7
24 105 -4
24 115 -1
24 141 8
25 128 -2
25 89 9
25 40 3
25 96 5
25 85 -9
25 73 -9
25 117 4
25 111 3
25 144 -7
25 137 -5
25 32 -5
25 54 -10
25 119 5
25 46 6
25 140 -2
25 93 6
25 75 7
25 92 -4
25 67 -3
25 145 -1
25 74 -3
25 132 5
25 116 -6
25 97 1
25 66 5
25 87 -2
25 131 4
25 148 -4
25 77 9
25 142 -2
25 101 4
25 123 1
25 118 3
25 27 9
25 95 -6
25 103 7
25 126 9
25 138 0
25 98 2
25 68 6
25 48 6
25 129 -8
25 147 -1
25 106 6
25 61 9
25 70 -9
25 45 7
25 84 -5
25 143 10
25 78 4
25 121 9
25 86 5
25 41 -3
25 90 -4
25 146 8
25 50 -3
25 130 10
25 65 -7
25 71 -5
25 76 1
25 112 -8
25 141 6
25 83 0
25 120 -3
25 125 10
25 135 4
25 139 -5
25 52 8
25 102 10
25 59 1
25 107 -7
25 133 -2
25 114 -1
25 53 9
25 56 -2
25 134 -6
25 124 -9
25 122 -7
25 115 -8
25 80 -9
25 94 -9
25 64 0
25 30 0
25 43 3
25 49 -9
25 31 9
25 99 -5
25 109 7
25 110 -4
25 38 2
25 44 8
25 79 8
25 36 7
25 136 10
25 35 3
25 72 1
25 62 10
25 47 1
25 39 -9
25 82 -5
25 69 4
25 29 -9
25 91 1
25 26 4
25 105 -1
25 28 5
25 88 7
25 149 -1
25 108 -9
25 34 9
25 100 3
25 58 1
25 42 2
25 113 0
25 150 -5
25 63 -3
25 104 5
26 85 2
26 43 0
26 71 7
26 91 -3
26 44 9
26 127 -8
26 27 9
26 100 -9
26 106 8
26 53 7
26 50 -7
26 88 3
26 35 -4
26 45 9
26 46 9
26 99 -3
26 102 10
26 124 7
26 139 -1
26 77 2
26 95 8
26 80 -2
26 130 8
26 131 -7
26 49 9
26 29 10
26 121 -5
26 133 -3
26 63 -1
26 75 8
26 51 -9
26 40 0
26 69 -2
26 132 2
26 70 -4
26 86 -4
26 61 -6
26 140 -4
26 126 -5
26 58 9
26 94 -7
26 37 -3
26 82 3
26 59 3
26 64 -4
26 105 7
26 146 8
26 47 -4
26 42 -10
26 93 -8
26 74 5
26 116 -1
26 30 -2
26 32 1
26 128 0
26 125 -6
26 118 -9
26 108 -5
26 36 0
26 79 5
26 39 0
26 148 2
26 138 -9
26 98 10
26 143 -7
26 149 -6
26 111 -5
26 83 -8
26 76 1
26 48 5
26 68 -6
26 33 3
26 113 3
26 110 1
26 62 10
26 135 -9
26 41 10
26 137 7
26 141 -5
26 119 -2
26 66 1
26 38 4
26 84 10
26 122 -6
26 90 3
26 134 -1
26 34 -10
26 81 9
26 120 6
26 123 -9
26 109 -2
26 56 -6
26 72 -2
26 60 -6
26 114 -7
26 97 -3
26 54 -6
26 65 -10
26 55 -5
26 112 4
26 107 -3
26 103 8
26 150 10
26 87 0
26 78 -3
26 57 -4
26 89 6
26 101 -5
26 96 2
26 144 1
26 52 7
26 28 3
26 145 -4
26 117 10
26 31 9
26 92 -2
26 147 5
27 134 -5
27 35 -10
27 94 3
27 92 3
27 63 2
27 57 0
27 74 5
27 131 2
27 119 -8
27 71 -1
27 109 3
27 102 6
27 76 -1
27 38 6
27 78 -7
27 83 -9
27 77 -9
27 51 -2
27 113 1
27 144 -9
27 89 1
27 104 9
27 133 -6
27 70 10
27 86 7
27 135 10
27 150 3
27 73 4
27 90 6
27 145 5
27 85 9
27 97 -5
27 114 -6
27 116 -4
27 75 -8
27 47 6
27 148 -6
27 32 -5
27 129 6
27 98 10
27 36 -6
27 54 -1
27 128 8
27 121 -8
27 105 2
27 95 -1
27 65 -2
27 64 -1
27 34 9
27 127 -1
27 28 1
27 49 -8
27 138 -5
27 110 6
27 87 -4
27 58 -5
27 88 4
27 84 -4
27 61 9
27 147 5
27 123 -9
27 125 1
27 139 2
27 69 9
27 118 6
27 120 -7
27 100 2
27 130 -6
27 149 -6
27 96 9
27 44 -6
27 48 -6
27 43 -10
27 101 -6
27 33 6
27 91 8
27 136 6
27 30 3
27 52 -1
27 132 -10
27 117 -1
27 40 -3
27 80 5
27 124 10
27 79 -1
27 106 -4
27 93 -10
27 142 -6
27 41 6
27 68 2
27 59 -4
27 53 7
27 112 5
27 45 10
27 81 6
27 137 9
27 126 10
27 29 10
27 67 -8
27 62 3
27 50 -4
27 60 -7
27 37 1
27 31 -3
28 86 -8
28 149 10
28 135 7
28 57 9
28 141 1
28 43 -6
28 111 -7
28 62 4
28 115 0
28 145 -6
28 64 -10
28 144 0
28 29 1
28 75 9
28 65 -4
28 31 -4
28 52 0
28 46 -10
28 33 -8
28 104 10
28 39 -7
28 72 -3
28 133 -10
28 44 4
28 136 -3
28 34 4
28 102 -4
28 88 -3
28 114 -3
28 120 -8
28 48 -6
28 122 -8
28 109 9
28 80 5
28 95 5
28 61 4
28 143 -10
28 107 6
28 67 3
28 93 0
28 123 4
28 105 2
28 79 2
28 36 -8
28 45 6
28 137 -1
28 118 5
28 32 10
28 60 3
28 63 7
28 138 -2
28 132 -10
28 134 2
28 51 -1
28 148 3
28 99 5
28 103 -2
28 131 -7
28 101 6
28 73 -5
28 70 3
28 68 -4
28 106 4
28 139 1
28 49 -4
28 127 -8
28 110 -5
28 53 5
28 41 -6
28 96 -3
28 124 -4
28 76 -10
28 126 -1
28 112 -2
28 116 -5
28 56 -4
28 81 4
28 38 -8
28 146 5
28 77 0
28 92 4
28 89 4
28 54 -7
28 147 -4
28 98 4
28 140 10
28 69 -10
28 83 10
28 47 -10
28 130 9
28 121 -5
28 119 7
28 125 5
28 94 -9
28 42 -8
28 117 2
28 90 4
28 40 -3
28 58 4
28 71 -10
28 91 2
28 78 -10
28 50 -5
28 84 6
28 74 -10
28 85 -5
28 97 2
28 82 -1
28 87 -9
28 150 8
28 142 6
29 53 1
29 71 8
29 44 5
29 144 3
29 111 0
29 112 10
29 118 -2
29 70 8
29 146 1
29 97 -9
29 126 -3
29 51 1
29 129 6
29 117 10
29 92 5
29 34 7
29 149 8
29 37 7
29 40 -5
29 65 1
29 130 -5
29 43 -2
29 95 8
29 115 10
29 104 10
29 141 -2
29 132 -7
29 101 5
29 96 -5
29 32 -3
29 49 -2
29 62 4
29 128 8
29 82 -7
29 100 -10
29 87 -4
29 83 -1
29 73 -2
29 75 2
29 55 -4
29 69 2
29 77 2
29 39 -9
29 68 5
29 33 3
29 119 -10
29 41 -4
29 148 1
29 52 1
29 74 4
29 93 -9
29 88 6
29 30 4
29 56 -5
29 72 4
29 145 2
29 120 5
29 131 -9
29 36 -5
29 66 -4
29 135 0
29 31 8
29 85 5
29 91 -1
29 124 1
29 113 8
29 58 5
29 138 -4
29 114 10
29 106 -10
29 57 10
29 50 -3
29 35 0
29 94 2
29 80 3
29 42 4
29 84 0
29 143 3
29 48 -6
29 64 10
29 137 -7
29 103 4
29 79 -2
29 116 -6
29 98 2
29 46 3
29 105 -5
29 127 -8
29 67 1
29 90 0
29 86 7
29 139 2
29 122 -10
29 102 5
29 81 8
29 76 3
29 47 -9
29 140 10
29 110 1
29 147 9
29 61 -8
29 123 6
29 45 -2
29 136 1
29 109 -7
29 121 -7
29 59 5
29 89 -6
29 60 -10
30 69 -10
30 58 -7
30 74 -3
30 113 -1
30 38 1
30 117 8
30 109 -5
30 60 9
30 131 10
30 72 -7
30 56 -9
30 143 1
30 100 -6
30 106 -4
30 79 7
30 66 -10
30 137 3
30 90 -5
30 115 -10
30 53 3
30 108 9
30 76 -9
30 122 0
30 104 -3
30 77 6
30 50 1
30 129 0
30 75 5
30 62 5
30 78 1
30 136 -3
30 68 10
30 52 6
30 133 -2
30 142 0
30 57 -3
30 40 1
30 139 -8
30 140 -5
30 63 -8
30 82 -1
30 89 -8
30 85 -3
30 99 1
30 135 -6
30 59 -1
30 138 -5
30 83 1
30 126 -4
30 112 2
30 130 0
30 125 6
30 80 0
30 39 7
30 48 -1
30 105 3
30 118 -7
30 149 -10
30 134 8
30 145 1
30 67 1
30 46 9
30 93 10
30 73 -3
30 45 -8
30 51 -10
30 132 7
30 98 -1
30 150 -1
30 97 2
30 102 8
30 36 -3
30 88 -8
30 34 -9
30 119 6
30 71 0
30 65 -5
30 32 0
30 87 2
30 101 0
30 124 -10
30 86 -3
30 49 2
30 81 -8
30 35 -3
30 44 -1
30 42 -9
30 92 5
30 121 -9
30 31 -7
30 91 7
30 111 6
30 107 10
30 47 -3
30 120 -7
30 33 -4
30 144 -7
30 37 9
30 95 -1
30 96 9
30 146 -3
30 64 -4
30 61 0
30 110 -3
30 84 6
30 54 -3
30 41 0
30 103 4
30 128 4
31 57 -4
31 104 -1
31 37 3
31 49 -7
31 47 -9
31 54 -10
31 53 9
31 72 9
31 114 -1
31 61 6
31 36 -9
31 142 5
31 80 -1
31 32 -8
31 77 -4
31 79 -8
31 123 -9
31 133 -7
31 82 10
31 141 7
31 126 -5
31 78 -2
31 116 9
31 117 -5
31 51 -7
31 41 -6
31 135 1
31 105 10
31 69 9
31 144 3
31 44 3
31 64 -10
31 74 1
31 83 2
31 147 -7
31 90 -4
31 67 -2
31 56 -3
31 136 -7
31 95 0
31 98 7
31 96 -4
31 110 -5
31 88 10
31 103 6
31 86 8
31 122 -2
31 71 -4
31 108 2
31 124 7
31 102 10
31 55 1
31 127 -10
31 94 -6
31 118 5
31 130 3
31 91 0
31 143 8
31 119 1
31 43 3
31 134 -9
31 112 -9
31 100 -6
31 65 -5
31 107 7
31 46 -7
31 137 0
31 146 10
31 40 6
31 109 -7
31 145 -9
31 63 -10
31 149 9
31 128 1
31 45 9
31 58 7
31 111 2
31 68 2
31 101 -9
31 35 6
31 50 10
31 84 6
31 81 3
31 60 -1
31 39 10
31 139 10
31 52 7
31 33 -6
31 121 10
31 131 -10
31 125 -3
31 92 0
31 97 -1
31 150 -5
31 62 -7
31 59 -7
31 99 -5
31 34 1
31 76 1
31 106 2
31 148 8
31 85 -5
31 120 3
31 73 8
31 89 -1
31 70 -10
32 95 2
32 51 -4
32 65 9
32 101 -9
32 103 -1
32 117 -3
32 141 -9
32 79 -1
32 68 -8
32 93 -6
32 81 7
32 148 -10
32 74 1
32 52 5
32 137 4
32 53 6
32 128 1
32 144 -4
32 78 -10
32 63 -5
32 110 6
32 64 7
32 61 -2
32 67 10
32 39 -9
32 75 7
32 69 -4
32 108 6
32 122 -6
32 143 -7
32 112 9
32 132 -8
32 71 1
32 100 8
32 118 -3
32 87 -6
32 146 7
32 50 -6
32 49 0
32 66 7
32 36 1
32 109 0
32 55 -7
32 125 9
32 111 -3
32 119 -6
32 91 -7
32 33 -5
32 115 10
32 88 -6
32 94 0
32 62 0
32 123 0
32 97 1
32 85 0
32 84 -10
32 46 -1
32 60 8
32 42 9
32 138 -8
32 149 5
32 136 -9
32 76 7
32 106 8
32 99 -5
32 45 1
32 133 -5
32 40 -7
32 82 4
32 145 3
32 56 -9
32 41 -4
32 142 3
32 105 6
32 107 6
32 44 -5
32 147 -2
32 57 -10
32 114 1
32 35 2
32 58 10
32 127 -7
32 73 -5
32 121 -1
32 129 5
32 86 -10
32 150 3
32 102 -3
32 140 10
32 48 -4
32 131 6
32 139 0
32 80 -7
32 83 -9
32 43 5
32 120 -3
32 130 4
32 113 -5
32 96 0
32 47 3
32 98 1
32 134 0
32 54 -9
32 116 0
32 77 1
33 143 -9
33 136 -4
33 116 -8
33 106 10
33 94 -6
33 126 -4
33 141 4
33 102 -6
33 103 -7
33 121 -7
33 74 -1
33 150 1
33 37 -6
33 89 10
33 108 -7
33 115 -9
33 132 0
33 120 -4
33 57 0
33 145 -2
33 127 -6
33 117 -6
33 139 0
33 128 6
33 105 -1
33 52 -6
33 51 0
33 53 4
33 71 -4
33 84 5
33 50 6
33 54 6
33 123 6
33 137 10
33 36 -4
33 81 1
33 76 5
33 78 -10
33 99 -6
33 111 0
33 133 6
33 148 8
33 63 -6
33 82 -5
33 113 8
33 86 -8
33 44 -5
33 119 -8
33 47 -1
33 40 -9
33 46 9
33 93 -1
33 146 7
33 67 -4
33 91 0
33 98 4
33 149 4
33 58 -7
33 73 1
33 59 10
33 130 -7
33 64 -1
33 88 0
33 144 2
33 90 -4
33 65 -8
33 129 -4
33 69 6
33 80 3
33 135 -9
33 97 5
33 35 8
33 68 8
33 134 9
33 142 -3
33 140 -4
33 122 -5
33 45 -4
33 96 -7
33 79 -2
33 75 5
33 112 10
33 118 -1
33 87 -3
33 107 -5
33 49 -3
33 38 5
33 109 2
33 138 10
33 104 -1
33 42 -3
33 48 -1
33 83 -3
33 110 -8
33 131 -1
33 95 5
33 77 -1
33 60 4
33 41 -7
33 62 -10
33 72 -9
33 125 -6
33 85 3
33 92 -7
33 55 2
33 61 1
33 70 -5
33 114 2
33 100 2
33 147 -4
34 140 4
34 99 3
34 115 0
34 69 -7
34 126 1
34 101 -6
34 111 2
34 92 -1
34 91 4
34 85 2
34 102 -6
34 141 9
34 112 0
34 149 7
34 139 -1
34 121 8
34 131 -1
34 35 1
34 75 1
34 72 10
34 51 9
34 105 -3
34 84 7
34 44 -4
34 124 -8
34 57 -9
34 45 6
34 97 -2
34 90 1
34 94 -9
34 50 8
34 55 -7
34 128 -10
34 130 7
34 138 9
34 36 0
34 129 -2
34 117 9
34 66 5
34 43 8
34 136 1
34 144 -1
34 87 0
34 58 -2
34 119 -2
34 134 -10
34 40 2
34 64 8
34 127 -4
34 54 4
34 48 -4
34 73 -9
34 83 7
34 41 2
34 107 1
34 47 -1
34 118 7
34 109 -7
34 106 -10
34 77 2
34 120 3
34 79 -10
34 143 10
34 56 -2
34 70 -5
34 132 -1
34 145 10
34 38 -4
34 46 0
34 137 -7
34 122 4
34 114 0
34 125 -6
34 71 10
34 81 -9
34 65 -5
34 133 8
34 67 -10
34 49 6
34 95 -3
34 39 9
34 52 -1
34 100 -5
34 96 -9
34 123 2
34 63 4
34 80 0
34 93 -2
34 108 -3
34 103 6
34 148 10
34 42 -6
34 116 -3
34 59 -2
34 68 -4
34 60 10
34 88 -3
34 104 4
34 86 9
34 135 4
34 146 2
34 147 7
34 62 1
34 53 8
34 61 -5
34 37 -3
34 98 -5
34 113 0
35 75 7
35 117 9
35 148 6
35 113 -4
35 48 -8
35 82 6
35 60 -3
35 107 3
35 141 8
35 133 7
35 104 7
35 123 -9
35 56 2
35 86 0
35 55 5
35 71 -9
35 130 5
35 110 6
35 61 4
35 109 -4
35 106 -5
35 125 -1
35 36 10
35 112 -3
35 58 8
35 121 3
35 108 4
35 102 3
35 45 -7
35 67 -5
35 134 -5
35 126 -10
35 146 -5
35 59 -7
35 62 2
35 73 -6
35 139 8
35 39 0
35 57 4
35 96 -1
35 88 -1
35 118 9
35 85 7
35 129 9
35 87 5
35 124 5
35 78 -4
35 89 1
35 101 -5
35 79 -7
35 98 4
35 41 -4
35 127 -2
35 46 -10
35 77 8
35 99 -1
35 131 8
35 37 2
35 97 5
35 105 9
35 142 2
35 119 0
35 65 -1
35 128 1
35 95 -1
35 138 1
35 136 10
35 135 -2
35 103 -1
35 137 6
35 53 -2
35 92 -8
35 132 4
35 72 -10
35 149 10
35 115 -8
35 64 -1
35 42 5
35 116 3
35 40 -2
35 38 -7
35 83 -4
35 47 2
35 43 -6
35 147 -4
35 93 8
35 68 -4
35 54 -3
35 100 0
35 44 -2
35 63 -6
35 91 -6
35 94 -7
35 140 -9
35 70 4
35 74 5
35 76 -8
35 51 6
35 66 -1
35 52 -5
35 122 -10
35 120 -3
35 49 7
35 50 0
35 80 2
35 81 0
35 143 -9
35 145 10
36 74 -9
36 57 -9
36 53 10
36 114 -4
36 130 9
36 100 -8
36 46 -3
36 109 5
36 79 2
36 96 2
36 80 -9
36 44 3
36 138 6
36 121 4
36 108 6
36 120 4
36 89 -7
36 42 -5
36 133 7
36 68 -8
36 72 -8
36 63 -10
36 73 -6
36 81 -6
36 39 6
36 66 9
36 64 2
36 65 2
36 62 6
36 93 3
36 129 4
36 94 8
36 47 -10
36 131 8
36 149 2
36 106 9
36 112 6
36 137 -4
36 125 5
36 87 6
36 111 3
36 99 -7
36 58 -4
36 144 4
36 122 9
36 60 -9
36 103 9
36 90 -3
36 52 10
36 150 7
36 40 7
36 37 2
36 61 1
36 43 -9
36 132 1
36 140 -1
36 134 -5
36 126 -8
36 102 -6
36 104 4
36 75 -3
36 70 -10
36 83 -1
36 48 3
36 118 4
36 51 6
36 84 3
36 136 -8
36 82 3
36 101 4
36 91 0
36 107 -8
36 123 -7
36 50 -9
36 98 -4
36 77 8
36 85 5
36 95 10
36 76 -8
36 128 -7
36 88 9
36 146 8
36 148 -8
36 45 -5
36 41 6
36 67 -3
36 147 -4
36 105 10
36 55 -10
36 142 -4
36 38 -8
36 119 6
36 59 -9
36 92 -8
36 86 -4
36 127 -7
36 145 -6
36 116 6
36 78 9
36 97 -3
36 113 -4
36 124 -5
37 127 -6
37 143 5
37 85 -10
37 41 7
37 115 2
37 78 3
37 58 8
37 118 -1
37 63 4
37 66 -4
37 51 8
37 117 7
37 102 -1
37 128 2
37 120 -8
37 150 6
37 76 7
37 68 6
37 77 4
37 114 -6
37 123 6
37 69 4
37 130 -8
37 61 9
37 39 3
37 111 7
37 73 7
37 67 2
37 104 -5
37 138 -8
37 91 -6
37 62 -10
37 64 2
37 148 10
37 71 -3
37 126 0
37 38 -3
37 125 8
37 90 -10
37 84 6
37 83 7
37 144 9
37 103 -6
37 139 -1
37 57 -1
37 43 -9
37 105 4
37 94 4
37 89 2
37 53 -1
37 134 -5
37 146 7
37 54 5
37 100 3
37 72 6
37 107 -6
37 88 4
37 99 10
37 50 1
37 92 5
37 81 9
37 55 -10
37 86 -1
37 87 3
37 113 0
37 44 0
37 136 9
37 101 -10
37 82 -1
37 109 3
37 108 -7
37 56 -6
37 46 5
37 80 -4
37 95 -6
37 59 9
37 70 5
37 129 -6
37 48 10
37 147 7
37 60 -9
37 119 8
37 96 1
37 137 -8
37 141 0
37 93 -5
37 49 -1
37 106 5
37 75 7
37 122 -2
37 42 -10
37 131 1
37 124 -7
37 110 2
37 112 5
37 121 3
37 133 -7
37 145 -2
37 47 -10
37 40 10
38 83 10
38 107 -10
38 69 10
38 128 7
38 113 6
38 138 -9
38 70 -9
38 77 -7
38 97 3
38 87 10
38 58 4
38 62 8
38 76 -7
38 63 -9
38 85 2
38 101 9
38 66 7
38 112 1
38 133 -7
38 75 -9
38 104 3
38 44 -2
38 114 9
38 131 8
38 81 -5
38 115 8
38 55 -9
38 99 10
38 82 7
38 49 -6
38 123 0
38 150 -4
38 84 -3
38 80 -4
38 146 3
38 86 2
38 135 -10
38 90 -2
38 43 4
38 96 10
38 45 -5
38 53 2
38 120 9
38 109 -1
38 117 8
38 52 1
38 88 -8
38 106 4
38 121 0
38 40 -4
38 61 -5
38 142 6
38 145 2
38 54 -8
38 130 1
38 129 -1
38 68 8
38 122 6
38 92 -6
38 144 0
38 48 10
38 91 -5
38 47 1
38 94 1
38 134 -8
38 118 8
38 102 9
38 50 -2
38 119 1
38 72 0
38 78 -1
38 74 2
38 126 -8
38 110 -1
38 149 -8
38 65 -8
38 98 4
38 71 -4
38 93 3
38 108 -2
38 140 -6
38 125 10
38 127 9
38 103 3
38 100 9
38 95 7
38 89 -8
38 57 -3
38 56 2
38 41 -2
38 147 9
38 64 -5
38 141 3
38 143 -1
38 132 6
38 137 1
38 59 -3
38 39 2
38 51 -9
38 79 3
38 46 5
38 42 5
38 111 -3
39 132 8
39 113 6
39 44 -6
39 149 -7
39 95 -6
39 62 -4
39 140 4
39 98 -4
39 90 -10
39 93 5
39 91 -5
39 46 6
39 64 6
39 102 6
39 85 -5
39 118 -4
39 116 7
39 99 -5
39 47 -3
39 105 0
39 81 -5
39 119 7
39 103 0
39 82 -3
39 146 3
39 114 3
39 124 0
39 143 -6
39 41 -3
39 133 -2
39 123 -6
39 86 9
39 126 2
39 104 8
39 72 8
39 108 -8
39 58 9
39 150 6
39 109 -6
39 57 1
39 60 7
39 53 -7
39 125 6
39 100 -4
39 96 2
39 49 -4
39 115 7
39 77 -4
39 76 0
39 59 -7
39 66 5
39 130 9
39 112 -3
39 84 9
39 79 1
39 78 2
39 80 5
39 67 -6
39 43 -7
39 137 3
39 129 -8
39 61 -7
39 88 9
39 75 9
39 65 8
39 40 -3
39 63 -7
39 127 10
39 68 -9
39 92 -5
39 120 -9
39 50 -5
39 74 8
39 51 -1
39 147 -3
39 136 5
39 142 0
39 135 7
39 73 9
39 97 -2
39 94 -9
39 128 9
39 117 -3
39 107 -6
39 87 0
39 145 -4
39 134 -5
39 122 6
39 89 -7
39 148 9
39 111 7
39 48 -6
39 83 7
39 54 -6
39 52 -6
39 42 9
39 141 4
39 144 5
39 71 -5
39 70 -2
40 60 -5
40 149 -4
40 129 8
40 110 4
40 42 0
40 91 4
40 141 8
40 56 -5
40 122 -10
40 117 9
40 139 4
40 101 7
40 143 5
40 48 10
40 140 -4
40 77 5
40 74 -9
40 94 -8
40 123 -3
40 132 -10
40 130 2
40 44 -7
40 58 -7
40 87 -4
40 134 -9
40 144 1
40 88 -1
40 116 7
40 118 6
40 68 -7
40 76 -7
40 73 -6
40 119 -10
40 124 3
40 64 9
40 100 9
40 75 -5
40 121 -1
40 52 -10
40 57 -4
40 136 -5
40 98 7
40 67 0
40 51 -5
40 99 -4
40 89 5
40 59 8
40 146 -7
40 104 -5
40 103 3
40 46 -9
40 115 -10
40 81 -2
40 125 -4
40 102 9
40 53 -2
40 107 8
40 105 -5
40 55 -1
40 128 -1
40 106 4
40 83 -10
40 70 -4
40 147 -6
40 114 -7
40 43 -1
40 127 -2
40 92 9
40 142 3
40 108 -6
40 111 -3
40 148 6
40 90 10
40 78 2
40 145 10
40 72 4
40 45 -3
40 50 -9
40 135 0
40 96 10
40 85 -1
40 133 3
40 126 -5
40 109 -9
40 112 -10
40 54 8
40 62 -9
40 113 7
40 93 8
40 41 -3
40 61 1
40 150 -4
40 71 -2
40 120 0
40 63 -9
40 137 7
40 66 -6
41 70 -4
41 94 0
41 67 -8
41 60 1
41 108 7
41 93 3
41 127 -8
41 104 1
41 119 -3
41 141 5
41 125 4
41 62 -8
41 68 0
41 133 4
41 45 -7
41 49 4
41 56 -6
41 120 6
41 107 10
41 43 -9
41 150 1
41 115 -3
41 105 1
41 135 3
41 103 -4
41 51 6
41 96 -4
41 131 -6
41 75 -9
41 65 1
41 136 -5
41 147 -6
41 44 5
41 52 -2
41 123 5
41 79 -6
41 84 -1
41 106 5
41 112 7
41 148 4
41 59 -5
41 74 6
41 90 7
41 139 10
41 142 6
41 69 10
41 109 3
41 87 9
41 126 -8
41 132 -9
41 47 7
41 78 -9
41 81 3
41 110 -5
41 57 -4
41 149 -3
41 76 -10
41 42 -8
41 64 7
41 48 7
41 50 7
41 73 -9
41 117 3
41 134 -6
41 114 -1
41 80 0
41 102 7
41 143 2
41 82 10
41 88 6
41 146 -3
41 85 4
41 128 4
41 63 -3
41 58 2
41 124 -1
41 83 1
41 144 2
41 118 -10
41 121 10
41 130 2
41 113 -10
41 72 7
41 53 -8
41 61 7
41 101 -9
41 111 -10
41 97 -5
41 91 -2
41 92 -6
41 100 -2
41 145 9
41 138 5
41 55 -2
41 95 -3
41 86 3
41 129 -8
41 46 5
42 88 2
42 141 -6
42 45 9
42 97 10
42 147 5
42 64 -1
42 63 5
42 47 -5
42 70 8
42 137 -5
42 74 -4
42 148 -1
42 92 -5
42 99 2
42 136 9
42 72 -7
42 143 -3
42 76 -5
42 146 -2
42 84 -9
42 145 10
42 102 -7
42 133 -8
42 100 -5
42 112 0
42 62 -4
42 44 -10
42 56 -6
42 65 0
42 43 -9
42 132 -1
42 89 2
42 67 -4
42 131 -2
42 144 10
42 126 10
42 150 -6
42 98 1
42 86 -4
42 107 6
42 129 2
42 66 4
42 51 6
42 128 4
42 103 -5
42 80 -4
42 87 0
42 118 2
42 48 -6
42 130 4
42 119 8
42 95 -5
42 68 -6
42 71 3
42 125 -10
42 59 -10
42 69 -5
42 106 -7
42 104 3
42 113 -9
42 109 8
42 117 -9
42 54 -6
42 50 3
42 140 -8
42 110 8
42 91 -7
42 78 10
42 121 4
42 49 8
42 122 -5
42 96 -10
42 134 8
42 85 10
42 142 3
42 94 -6
42 127 6
42 46 6
42 79 -10
42 123 1
42 90 -10
42 139 -6
42 138 9
42 73 -1
42 53 1
42 124 4
42 82 -9
42 81 -3
42 111 -5
42 58 1
42 83 -4
42 77 -2
42 57 9
42 60 -9
42 101 9
42 135 -3
42 116 -2
43 135 -1
43 68 -1
43 129 6
43 85 0
43 74 -1
43 87 -3
43 51 -9
43 91 -2
43 120 7
43 66 -2
43 49 -9
43 134 3
43 84 6
43 122 3
43 141 10
43 131 -5
43 143 1
43 64 4
43 86 7
43 105 -7
43 115 -5
43 118 -3
43 126 9
43 128 -7
43 111 -8
43 80 10
43 146 7
43 97 -10
43 79 -9
43 69 6
43 121 -5
43 107 4
43 94 -5
43 71 -8
43 88 -7
43 92 4
43 56 4
43 139 -3
43 104 2
43 103 -10
43 52 5
43 70 -7
43 100 4
43 54 9
43 114 -9
43 112 -4
43 59 -6
43 44 7
43 48 -7
43 55 -10
43 125 10
43 77 10
43 67 -4
43 149 -3
43 133 3
43 45 -4
43 140 0
43 76 -6
43 65 3
43 95 -6
43 57 -3
43 62 -6
43 150 -1
43 113 -4
43 123 -6
43 73 -2
43 47 8
43 58 8
43 81 -8
43 148 -9
43 142 -9
43 63 5
43 50 -5
43 144 -2
43 72 1
43 90 10
43 119 3
43 60 6
43 82 -3
43 132 -9
43 83 6
43 46 -10
43 109 -4
43 117 -8
43 138 -5
43 75 6
43 106 -2
43 108 5
43 145 7
43 93 1
43 130 1
43 137 -10
43 96 -2
44 95 7
44 148 10
44 142 5
44 104 9
44 60 -2
44 135 5
44 113 -4
44 91 7
44 144 -7
44 134 7
44 96 -9
44 73 -4
44 84 7
44 53 5
44 71 10
44 46 1
44 122 2
44 87 -4
44 94 1
44 58 -2
44 107 5
44 126 -5
44 108 4
44 78 -9
44 49 8
44 106 -9
44 120 -8
44 131 -5
44 150 -4
44 57 -4
44 132 6
44 45 2
44 74 -7
44 75 -10
44 138 -6
44 137 7
44 69 -10
44 56 -7
44 116 2
44 147 7
44 103 7
44 127 -2
44 90 -8
44 93 3
44 48 1
44 133 4
44 52 0
44 149 1
44 100 -7
44 70 10
44 47 -3
44 50 -8
44 105 -2
44 98 2
44 82 -8
44 65 -3
44 63 1
44 80 -1
44 88 -8
44 114 3
44 109 1
44 119 9
44 130 -9
44 54 -9
44 101 1
44 66 6
44 117 6
44 67 -2
44 77 6
44 59 -1
44 136 8
44 121 -3
44 140 -3
44 146 6
44 102 0
44 118 -1
44 99 -7
44 83 -1
44 110 -4
44 124 0
44 143 -1
44 145 -2
44 55 7
44 128 8
44 79 -4
44 76 0
44 89 6
44 72 -6
44 61 -2
44 86 -4
44 139 1
44 51 -4
44 62 5
44 64 10
44 125 -1
44 112 -5
45 75 9
45 141 -7
45 140 -3
45 87 9
45 120 7
45 101 -1
45 72 -10
45 51 -4
45 135 -4
45 123 0
45 125 -4
45 78 9
45 67 3
45 94 -3
45 115 -8
45 70 -7
45 92 -2
45 134 -2
45 119 -7
45 118 7
45 47 1
45 96 3
45 127 -2
45 65 2
45 109 2
45 82 10
45 130 -2
45 74 5
45 59 10
45 121 -9
45 145 1
45 131 10
45 148 6
45 116 8
45 89 9
45 144 0
45 73 10
45 54 8
45 128 -3
45 90 0
45 105 -9
45 112 5
45 132 0
45 98 5
45 80 -2
45 146 -1
45 106 4
45 81 10
45 91 -4
45 110 9
45 124 6
45 95 -5
45 53 6
45 63 4
45 49 -3
45 79 -5
45 85 -9
45 150 -5
45 52 9
45 104 9
45 55 7
45 97 5
45 100 -7
45 114 4
45 107 10
45 58 -6
45 71 -5
45 136 -8
45 84 2
45 122 10
45 57 8
45 111 7
45 61 8
45 86 2
45 143 3
45 88 0
45 60 -4
45 99 8
45 83 -10
45 108 4
45 46 -6
45 62 -8
45 93 -10
45 69 -10
45 149 5
45 137 -4
45 56 -7
45 76 3
45 64 3
45 142 -8
45 147 6
45 139 3
45 103 8
45 126 -7
45 68 -4
45 77 2
45 50 1
45 129 2
45 133 -6
46 138 -9
46 104 -1
46 58 3
46 77 4
46 62 9
46 101 8
46 98 -5
46 88 -3
46 116 10
46 108 4
46 126 -6
46 84 5
46 122 -5
46 150 7
46 115 -7
46 69 2
46 75 6
46 56 6
46 67 -3
46 94 -8
46 66 2
46 133 -8
46 131 -2
46 145 -4
46 140 -1
46 71 -9
46 144 -7
46 76 -6
46 73 1
46 79 -5
46 130 1
46 148 -10
46 72 7
46 91 -8
46 139 -7
46 124 3
46 54 9
46 51 -1
46 92 8
46 86 -3
46 121 -7
46 97 -9
46 117 9
46 49 2
46 128 0
46 70 -6
46 109 10
46 123 7
46 135 -7
46 53 -10
46 146 5
46 68 5
46 100 -3
46 143 -1
46 59 -8
46 64 2
46 127 0
46 113 8
46 134 8
46 65 -9
46 103 -4
46 142 1
46 99 2
46 96 4
46 82 -4
46 119 7
46 60 5
46 50 -2
46 63 3
46 105 1
46 111 -4
46 129 -4
46 136 7
46 89 -7
46 147 4
46 81 9
46 52 -9
46 125 -10
46 87 -5
46 137 10
46 132 -2
46 107 1
46 55 10
46 141 -4
46 112 -8
46 74 5
46 120 6
46 85 -4
46 102 -2
46 90 0
46 149 -8
46 47 8
46 57 -6
46 48 3
46 83 -2
46 106 0
46 93 10
47 78 -6
47 118 -1
47 146 4
47 121 -7
47 143 -2
47 116 -7
47 88 0
47 109 4
47 58 3
47 97 -5
47 133 -3
47 89 -7
47 98 9
47 90 -5
47 74 1
47 142 5
47 69 6
47 145 3
47 62 -7
47 70 0
47 114 -10
47 101 1
47 82 -10
47 150 -7
47 104 10
47 113 2
47 49 10
47 106 2
47 79 2
47 117 -8
47 92 4
47 65 2
47 119 3
47 127 10
47 56 -1
47 123 9
47 122 -2
47 61 -4
47 83 8
47 124 2
47 51 5
47 87 -10
47 134 -9
47 63 -9
47 48 2
47 67 -7
47 71 -4
47 76 4
47 96 6
47 120 9
47 135 6
47 141 -9
47 64 5
47 57 -4
47 86 -7
47 72 2
47 125 -7
47 68 -9
47 130 3
47 93 -6
47 138 10
47 81 4
47 55 3
47 99 -9
47 95 -3
47 60 -2
47 126 -7
47 102 4
47 85 -4
47 84 -5
47 80 -6
47 139 7
47 52 -3
47 140 -9
47 66 7
47 77 -1
47 144 8
47 73 -3
47 110 6
47 128 3
47 129 4
47 59 6
47 132 1
47 115 -2
47 54 7
47 148 4
47 131 10
47 75 -9
47 105 10
47 107 -2
48 109 -4
48 102 1
48 138 -4
48 60 7
48 76 -5
48 145 -3
48 112 -9
48 74 7
48 94 6
48 104 4
48 59 6
48 98 6
48 69 0
48 82 -3
48 133 9
48 142 -4
48 140 -9
48 100 -6
48 67 -4
48 54 -8
48 66 5
48 111 4
48 93 -8
48 128 -7
48 86 5
48 117 10
48 57 -8
48 135 -9
48 125 -1
48 115 0
48 85 10
48 78 -3
48 124 -2
48 131 -10
48 90 -2
48 80 3
48 72 -6
48 63 -1
48 92 -8
48 116 -10
48 84 2
48 122 4
48 101 -9
48 144 -7
48 62 4
48 83 -7
48 81 -2
48 99 7
48 61 10
48 129 8
48 51 -3
48 107 8
48 137 -7
48 71 3
48 91 6
48 52 10
48 53 -2
48 50 10
48 55 5
48 56 10
48 108 5
48 96 0
48 105 6
48 103 9
48 121 10
48 123 -6
48 113 -2
48 75 3
48 132 10
48 139 3
48 58 0
48 95 5
48 127 -1
48 130 10
48 150 -3
48 134 -6
48 106 -10
48 149 -3
48 141 3
48 120 -3
48 79 -7
48 49 -1
48 68 -8
48 118 -2
48 77 3
48 126 4
48 143 -9
48 88 10
48 97 5
48 73 4
48 148 -2
49 105 10
49 88 0
49 50 -4
49 89 4
49 112 -2
49 107 -3
49 108 -6
49 81 8
49 96 5
49 145 -9
49 60 7
49 97 4
49 122 -8
49 53 10
49 67 -7
49 51 -3
49 150 -4
49 106 2
49 55 10
49 58 0
49 144 -6
49 52 10
49 54 0
49 116 5
49 68 7
49 95 2
49 91 4
49 77 -3
49 146 -6
49 57 -3
49 130 8
49 103 -2
49 64 10
49 113 -8
49 71 2
49 137 -5
49 98 8
49 128 -10
49 121 -4
49 75 1
49 132 10
49 123 -9
49 83 9
49 86 0
49 147 -4
49 140 -8
49 93 -3
49 109 -5
49 117 -10
49 65 9
49 104 -6
49 149 2
49 80 6
49 79 10
49 90 1
49 131 -5
49 66 -10
49 141 3
49 136 5
49 139 -6
49 73 0
49 102 -5
49 101 9
49 118 -6
49 99 -10
49 59 -10
49 119 9
49 100 2
49 69 -7
49 62 5
49 148 3
49 61 -2
49 135 -1
49 85 7
49 74 -8
49 127 8
49 138 -10
49 110 0
49 133 4
49 126 -2
49 111 3
49 92 10
49 114 10
49 124 -4
49 143 10
49 63 -9
49 76 10
49 56 3
50 113 -7
50 129 9
50 106 8
50 127 3
50 85 7
50 114 -1
50 63 7
50 74 9
50 117 -5
50 55 -5
50 137 0
50 109 -1
50 131 10
50 101 -10
50 126 -9
50 71 1
50 121 -9
50 142 5
50 76 0
50 99 9
50 116 0
50 90 9
50 118 1
50 120 -1
50 149 10
50 125 -2
50 69 7
50 119 3
50 56 1
50 70 -4
50 96 0
50 53 10
50 75 7
50 52 -5
50 83 -1
50 136 2
50 133 -6
50 65 -10
50 54 0
50 73 -8
50 115 0
50 100 -4
50 140 4
50 138 6
50 104 -8
50 135 -10
50 145 -4
50 95 0
50 81 -3
50 98 -1
50 61 -2
50 128 10
50 51 5
50 92 5
50 103 7
50 93 -7
50 94 -6
50 64 6
50 110 -7
50 148 4
50 82 1
50 107 3
50 58 9
50 124 -3
50 141 -3
50 123 9
50 105 -4
50 66 -3
50 144 0
50 112 4
50 60 -8
50 84 -5
50 130 3
50 68 3
50 134 -10
50 87 -10
50 143 -3
50 150 -5
50 108 7
50 122 -8
50 62 -8
50 139 8
50 89 4
50 102 -7
50 59 1
50 111 -6
50 147 0
51 146 9
51 78 -2
51 89 9
51 123 1
51 82 10
51 128 8
51 87 -1
51 64 2
51 101 -2
51 71 7
51 76 10
51 86 5
51 143 3
51 131 7
51 66 -4
51 136 5
51 137 -10
51 74 -2
51 133 -9
51 148 10
51 129 0
51 58 6
51 61 -2
51 75 0
51 73 9
51 90 10
51 109 3
51 77 -7
51 114 -3
51 121 -5
51 115 -9
51 125 3
51 106 -8
51 70 0
51 55 5
51 85 -7
51 102 0
51 141 -6
51 104 -10
51 127 6
51 108 -1
51 100 -9
51 92 -3
51 118 -10
51 112 -3
51 59 -9
51 122 -1
51 62 6
51 113 9
51 63 -1
51 105 -6
51 69 -4
51 56 1
51 144 3
51 95 8
51 147 -8
51 116 -4
51 138 10
51 53 3
51 52 -9
51 117 5
51 91 8
51 145 10
51 81 4
51 84 -7
51 124 6
51 88 1
51 120 9
51 98 -9
51 135 8
51 139 -3
51 132 -4
51 94 -4
51 65 -1
51 119 2
51 142 10
51 149 -8
51 107 4
51 83 5
51 134 9
51 140 -6
51 72 10
51 103 -10
51 68 9
51 150 -7
51 80 4
51 126 5
51 96 7
51 110 4
51 57 -4
52 79 -6
52 83 5
52 76 6
52 109 1
52 94 -2
52 90 5
52 64 -6
52 70 5
52 126 0
52 103 1
52 65 6
52 146 7
52 127 6
52 136 -7
52 117 -6
52 85 -6
52 121 9
52 113 -1
52 115 1
52 122 5
52 125 -8
52 71 1
52 105 -8
52 59 9
52 112 4
52 82 -6
52 55 -9
52 101 -1
52 137 -7
52 86 -3
52 132 -8
52 104 -4
52 72 9
52 130 -7
52 149 -4
52 131 3
52 133 5
52 124 6
52 73 -5
52 119 -10
52 92 0
52 57 -8
52 56 -6
52 53 -5
52 96 -8
52 120 6
52 114 8
52 91 5
52 69 0
52 108 3
52 93 7
52 99 3
52 143 3
52 87 7
52 88 6
52 135 -5
52 111 -10
52 68 -10
52 128 2
52 75 7
52 61 4
52 74 1
52 95 -6
52 77 2
52 100 2
52 62 -10
52 140 0
52 145 2
52 141 7
52 139 8
52 81 8
52 98 8
52 80 -9
52 89 -4
52 97 -3
52 58 -7
52 60 10
52 84 -1
52 116 -10
52 66 1
52 129 -8
52 118 10
52 148 -10
52 102 -7
52 107 3
52 144 -5
52 63 5
52 67 -8
52 123 -4
52 134 -5
53 130 10
53 104 0
53 110 -3
53 56 -3
53 100 -3
53 63 -9
53 127 0
53 60 -5
53 80 -2
53 69 10
53 136 4
53 121 4
53 111 9
53 113 -7
53 120 -8
53 79 -6
53 99 1
53 86 -8
53 57 7
53 71 8
53 132 4
53 93 9
53 95 10
53 131 -7
53 73 4
53 59 -3
53 58 1
53 139 -10
53 74 4
53 143 -1
53 87 5
53 68 10
53 129 8
53 137 6
53 145 5
53 102 -6
53 140 -9
53 149 -9
53 55 -5
53 122 -3
53 81 -10
53 112 -7
53 64 3
53 141 -9
53 138 1
53 146 -4
53 135 -10
53 89 3
53 116 9
53 117 -3
53 91 -4
53 83 4
53 77 -2
53 124 -4
53 62 -8
53 84 -3
53 134 8
53 54 -9
53 98 -7
53 96 6
53 109 9
53 94 -10
53 119 -7
53 103 -8
53 76 -5
53 147 9
53 125 9
53 126 -9
53 66 -8
53 150 9
53 67 10
53 88 -2
53 142 -5
53 97 -2
53 128 10
53 106 -7
53 61 7
53 144 -10
53 114 -5
53 115 3
53 72 5
53 108 -4
53 78 -4
53 105 4
53 133 -7
53 118 2
53 85 -8
53 90 -2
53 75 5
53 92 -2
53 123 7
53 70 -10
54 84 3
54 130 10
54 117 8
54 71 -1
54 121 10
54 56 9
54 94 10
54 83 -2
54 140 5
54 86 -2
54 127 -5
54 101 7
54 141 2
54 149 -2
54 146 10
54 150 8
54 110 -4
54 60 0
54 105 3
54 85 0
54 81 -9
54 142 -1
54 134 0
54 59 -9
54 128 1
54 69 -2
54 118 0
54 133 2
54 104 -6
54 124 5
54 131 -8
54 66 -7
54 55 4
54 82 5
54 107 0
54 77 -6
54 112 6
54 116 -10
54 109 5
54 113 1
54 123 -8
54 96 3
54 97 5
54 61 -2
54 147 -8
54 74 5
54 87 -2
54 114 10
54 137 0
54 93 8
54 80 3
54 65 -2
54 120 3
54 75 8
54 148 5
54 88 -6
54 95 9
54 72 5
54 108 2
54 136 -7
54 89 -10
54 102 10
54 143 10
54 76 9
54 57 3
54 132 -6
54 145 4
54 106 7
54 126 -1
54 138 5
54 125 -9
54 78 4
54 99 -8
54 64 5
54 139 2
54 111 -1
54 62 6
54 67 10
54 103 -2
54 91 -1
54 92 -7
54 119 -5
54 79 8
54 73 9
54 68 -10
54 63 -8
54 100 1
54 135 7
54 122 8
55 106 -9
55 84 -5
55 57 8
55 134 -9
55 143 -3
55 126 9
55 131 5
55 64 -2
55 76 9
55 60 9
55 130 5
55 114 6
55 104 1
55 94 4
55 100 -8
55 142 -5
55 116 -5
55 67 -5
55 61 -10
55 146 -2
55 122 -3
55 145 6
55 78 -2
55 117 -7
55 138 -8
55 75 10
55 148 6
55 132 0
55 83 5
55 144 -10
55 139 0
55 140 7
55 147 2
55 127 8
55 89 -5
55 62 -3
55 80 -9
55 123 2
55 118 9
55 56 0
55 129 0
55 124 -7
55 70 5
55 71 0
55 121 -2
55 112 1
55 95 1
55 77 2
55 96 2
55 120 -4
55 72 -5
55 125 0
55 91 -3
55 133 -10
55 108 -7
55 101 0
55 82 -8
55 74 10
55 79 -6
55 109 -2
55 90 -10
55 115 -6
55 141 -4
55 65 -3
55 135 -6
55 68 -2
55 58 -7
55 137 2
55 97 -8
55 98 -10
55 86 3
55 92 4
55 105 -5
55 128 -8
55 102 -1
55 66 4
55 103 -1
55 107 -10
55 110 6
55 111 6
55 73 4
55 59 -10
55 119 -3
55 113 -7
55 93 -2
55 87 0
55 69 -3
55 85 -1
55 81 6
55 136 3
56 144 2
56 73 -9
56 77 8
56 91 -1
56 136 5
56 143 -5
56 125 -8
56 71 9
56 145 10
56 98 6
56 129 -3
56 124 -2
56 59 -2
56 132 -3
56 147 -4
56 112 8
56 66 -7
56 99 2
56 128 3
56 62 -8
56 116 0
56 103 -5
56 60 -6
56 94 5
56 133 6
56 88 -10
56 87 5
56 149 0
56 84 6
56 57 -3
56 137 -7
56 64 7
56 80 1
56 141 3
56 74 -6
56 85 -5
56 106 -6
56 146 6
56 142 -1
56 101 10
56 107 4
56 67 8
56 65 -7
56 69 -3
56 86 4
56 130 0
56 114 0
56 109 8
56 82 -10
56 79 6
56 105 -7
56 76 3
56 148 8
56 111 0
56 120 -5
56 127 10
56 108 -1
56 81 3
56 104 -4
56 96 -2
56 131 4
56 140 2
56 78 6
56 138 0
56 102 -10
56 93 4
56 126 8
56 63 -1
56 68 -8
56 122 -4
56 58 1
56 113 2
56 150 -5
56 135 5
56 110 -3
56 61 7
56 118 4
56 117 -4
56 100 -2
56 72 5
56 90 3
56 70 -3
56 95 -5
57 61 -1
57 95 2
57 116 1
57 81 -5
57 78 2
57 125 8
57 129 6
57 77 1
57 149 -9
57 92 4
57 76 -7
57 140 3
57 127 -10
57 96 6
57 146 1
57 108 -4
57 59 -3
57 122 3
57 80 -10
57 69 10
57 71 3
57 103 -4
57 137 -5
57 94 0
57 66 2
57 118 6
57 113 3
57 64 -5
57 93 2
57 100 -1
57 62 2
57 145 7
57 111 2
57 70 -6
57 139 -2
57 130 -1
57 150 6
57 123 -8
57 143 5
57 67 -7
57 147 -3
57 131 8
57 132 2
57 90 9
57 120 -2
57 97 2
57 58 -10
57 110 -7
57 98 -4
57 114 7
57 75 3
57 117 7
57 126 8
57 86 -6
57 85 5
57 121 4
57 74 -8
57 142 -2
57 88 -2
57 60 -7
57 135 -3
57 138 2
57 107 -5
57 102 -2
57 134 -5
57 109 7
57 73 6
57 136 -7
57 99 4
57 79 -5
57 82 10
57 128 4
57 72 9
57 63 -9
57 65 -9
57 106 -8
57 115 -5
57 112 -1
57 84 6
57 141 -10
57 101 10
58 149 -9
58 131 -9
58 134 -10
58 139 0
58 145 -1
58 98 5
58 79 -5
58 121 -1
58 142 -3
58 80 8
58 124 8
58 126 -8
58 144 -4
58 112 -3
58 70 6
58 140 7
58 133 -9
58 105 -10
58 82 3
58 73 -9
58 138 7
58 111 7
58 109 4
58 127 7
58 143 4
58 91 -6
58 74 4
58 85 -9
58 94 -5
58 130 -8
58 78 -1
58 63 6
58 83 -7
58 81 2
58 128 9
58 137 -10
58 110 -1
58 125 7
58 148 3
58 136 6
58 95 0
58 113 5
58 84 -5
58 88 4
58 116 -6
58 115 -7
58 122 -10
58 104 6
58 132 -8
58 93 -7
58 99 -1
58 61 2
58 86 1
58 65 -3
58 106 -6
58 97 -1
58 120 10
58 118 4
58 66 8
58 108 10
58 72 5
58 76 6
58 69 5
58 114 -7
58 87 -4
58 96 -1
58 75 1
58 90 2
58 89 6
58 141 1
58 77 -10
58 100 -4
58 119 10
58 102 10
58 68 9
58 123 8
58 67 -5
58 150 6
58 59 8
58 64 3
58 60 -6
58 129 -1
58 103 3
58 92 2
58 135 -8
59 68 0
59 113 7
59 65 -6
59 136 4
59 128 1
59 105 4
59 118 5
59 60 4
59 70 -6
59 80 8
59 127 -6
59 119 10
59 145 -1
59 64 -6
59 140 -3
59 67 -7
59 116 6
59 61 10
59 108 10
59 91 -3
59 90 -6
59 146 9
59 134 -1
59 102 2
59 120 -8
59 104 9
59 143 7
59 96 4
59 124 9
59 85 9
59 137 8
59 114 -2
59 122 -1
59 142 9
59 72 -4
59 62 6
59 121 9
59 98 0
59 73 8
59 94 -10
59 88 -3
59 123 9
59 97 -5
59 71 7
59 66 -5
59 147 6
59 78 -6
59 126 6
59 82 -8
59 111 1
59 133 -7
59 100 -10
59 93 -9
59 79 -9
59 86 8
59 95 -2
59 69 -2
59 99 -5
59 87 -10
59 81 4
59 135 5
59 125 -8
59 149 9
59 63 -5
59 115 -2
59 132 -3
59 89 -7
59 139 -3
59 84 -9
59 74 -8
59 112 -1
59 148 -4
59 129 -5
59 107 4
59 138 10
59 110 -5
59 150 2
59 83 0
59 77 2
59 106 10
59 92 -3
59 76 -8
59 117 6
59 144 6
59 75 -4
60 127 0
60 94 -8
60 78 -9
60 130 0
60 70 10
60 139 9
60 133 -8
60 140 -5
60 119 -3
60 126 7
60 62 2
60 121 5
60 105 -4
60 69 0
60 77 -9
60 67 -1
60 104 -9
60 125 -10
60 81 -5
60 74 4
60 142 7
60 96 9
60 71 -7
60 108 3
60 149 -2
60 141 -4
60 95 0
60 93 -1
60 150 -1
60 137 8
60 124 7
60 66 -3
60 117 3
60 92 -1
60 128 -5
60 79 -7
60 65 -1
60 107 8
60 83 6
60 75 -4
60 112 6
60 80 -8
60 100 8
60 73 -1
60 72 7
60 136 -5
60 76 -5
60 123 8
60 131 8
60 64 -9
60 147 -5
60 146 -5
60 91 -8
60 120 -6
60 97 -7
60 134 4
60 61 6
60 85 9
60 110 -7
60 82 -4
60 98 7
60 148 2
60 132 -2
60 101 7
60 90 4
60 111 -6
60 129 0
60 106 -5
60 135 -7
60 122 -10
60 102 -3
60 88 5
60 113 7
60 114 -10
60 138 -8
60 84 10
60 115 6
60 144 4
60 145 -5
60 86 7
60 63 -3
60 118 -7
60 87 -1
61 65 4
61 84 -6
61 111 1
61 108 8
61 94 1
61 143 1
61 83 -2
61 137 1
61 136 5
61 75 6
61 120 4
61 126 -5
61 148 1
61 147 -7
61 145 1
61 131 3
61 99 -1
61 86 9
61 130 -6
61 139 9
61 63 -7
61 144 9
61 90 4
61 142 -8
61 124 2
61 105 6
61 116 4
61 119 5
61 81 0
61 141 -10
61 118 10
61 62 3
61 95 5
61 73 -8
61 125 -8
61 88 -7
61 74 -5
61 122 -9
61 114 -1
61 110 9
61 78 -2
61 127 -3
61 117 -9
61 121 10
61 150 5
61 135 -5
61 66 4
61 140 -5
61 97 3
61 68 -1
61 71 0
61 115 -9
61 103 -2
61 85 -10
61 109 -4
61 101 4
61 70 -8
61 107 0
61 100 -4
61 93 6
61 112 10
61 76 5
61 113 -10
61 96 -1
61 134 0
61 69 -7
61 106 0
61 104 7
61 123 0
61 128 3
61 64 -1
61 146 7
61 89 -3
61 138 -2
61 72 2
61 133 2
61 149 -8
61 82 1
61 98 -4
61 79 10
61 80 1
61 67 -6
62 90 7
62 75 -10
62 138 4
62 80 4
62 85 3
62 66 -2
62 122 -4
62 125 3
62 117 8
62 79 7
62 123 4
62 112 9
62 96 -6
62 110 5
62 120 4
62 92 9
62 81 -1
62 77 4
62 100 7
62 137 -7
62 150 7
62 130 5
62 140 -5
62 139 2
62 107 9
62 114 2
62 102 -3
62 109 -4
62 128 -8
62 136 -3
62 63 7
62 67 2
62 141 -2
62 106 -6
62 84 -9
62 87 3
62 91 8
62 64 9
62 135 -2
62 142 -8
62 148 8
62 74 1
62 105 5
62 119 4
62 144 2
62 134 7
62 131 10
62 103 10
62 82 -2
62 95 -10
62 94 9
62 143 -4
62 78 2
62 108 4
62 70 -8
62 111 0
62 146 1
62 124 8
62 76 4
62 132 -2
62 98 2
62 121 4
62 113 6
62 129 0
62 71 10
62 86 -9
62 104 9
62 126 8
62 97 -5
62 149 1
62 89 1
62 147 5
62 69 -6
62 73 -6
62 99 5
62 83 -10
62 118 -2
62 65 10
62 72 -8
62 115 -1
63 89 0
63 100 9
63 73 -10
63 120 -5
63 67 9
63 91 5
63 134 8
63 71 0
63 113 -3
63 123 -8
63 85 9
63 110 1
63 69 8
63 148 -8
63 68 2
63 137 -8
63 128 1
63 77 -1
63 83 4
63 90 -5
63 127 4
63 149 -1
63 108 -8
63 131 3
63 87 1
63 82 8
63 122 8
63 92 9
63 105 4
63 104 10
63 115 -1
63 64 10
63 145 8
63 135 10
63 121 7
63 107 -1
63 75 -9
63 112 -2
63 84 1
63 142 8
63 146 -10
63 93 -2
63 144 -10
63 88 -1
63 125 -5
63 95 1
63 126 8
63 132 6
63 102 0
63 86 -9
63 74 1
63 138 4
63 124 -8
63 129 -7
63 147 -9
63 70 2
63 94 -10
63 133 7
63 130 4
63 106 -5
63 101 3
63 72 0
63 98 10
63 111 5
63 103 -8
63 76 10
63 119 6
63 114 2
63 97 6
63 96 -7
63 78 2
63 79 5
63 118 -9
63 65 -6
63 116 4
64 103 1
64 141 2
64 92 -3
64 142 -2
64 147 0
64 132 0
64 140 2
64 84 9
64 90 -10
64 97 9
64 107 -10
64 100 9
64 83 5
64 89 -8
64 118 -9
64 116 8
64 93 -2
64 79 -3
64 126 1
64 98 1
64 148 9
64 69 0
64 123 2
64 66 2
64 133 -7
64 102 10
64 119 8
64 113 -5
64 110 -7
64 127 0
64 82 -4
64 73 -8
64 108 4
64 96 -7
64 104 -1
64 122 -7
64 115 -5
64 143 10
64 106 6
64 150 4
64 78 6
64 80 -9
64 85 -8
64 81 6
64 144 -2
64 128 8
64 146 2
64 111 -7
64 120 0
64 74 9
64 75 4
64 94 9
64 76 -1
64 114 0
64 117 4
64 145 -7
64 87 4
64 71 -9
64 136 8
64 65 -2
64 68 -6
64 70 10
64 129 -3
64 139 9
64 72 -8
64 67 10
64 105 -7
64 77 10
64 131 5
64 124 -6
64 125 -6
64 86 1
64 135 -4
64 121 -3
64 109 9
64 134 7
64 99 3
64 101 7
64 88 -10
65 85 0
65 106 9
65 84 -2
65 78 3
65 141 -8
65 149 -4
65 120 5
65 88 2
65 96 -6
65 83 7
65 127 -7
65 136 6
65 137 6
65 86 -2
65 123 10
65 103 4
65 148 8
65 150 -7
65 98 -4
65 81 0
65 67 -6
65 111 -4
65 128 -5
65 122 -4
65 119 -2
65 75 5
65 144 1
65 126 0
65 92 4
65 105 -5
65 95 5
65 74 -7
65 133 4
65 140 -3
65 118 -7
65 121 5
65 102 -2
65 89 9
65 97 9
65 90 -2
65 107 -3
65 66 4
65 138 6
65 112 -2
65 94 -4
65 132 2
65 113 -1
65 72 8
65 108 -6
65 79 -6
65 82 -5
65 110 1
65 77 6
65 142 -5
65 117 10
65 99 -10
65 124 -8
65 114 5
65 130 5
65 80 6
65 147 9
65 145 -9
65 100 1
65 87 1
65 143 8
65 76 -4
65 71 0
65 104 4
65 101 1
65 125 3
65 116 8
65 129 6
65 131 -6
65 135 -7
65 73 -2
65 134 3
65 139 -1
65 146 -4
65 69 -9
65 70 7
65 93 9
65 91 6
65 109 -5
66 83 -6
66 103 -5
66 124 -7
66 110 -1
66 122 -4
66 138 -9
66 144 -10
66 123 5
66 148 5
66 119 2
66 116 -1
66 114 -1
66 71 5
66 85 3
66 105 -10
66 111 -8
66 97 4
66 141 8
66 76 10
66 128 -3
66 78 4
66 89 9
66 108 6
66 91 -3
66 132 2
66 150 -8
66 121 4
66 98 5
66 104 -2
66 113 -4
66 134 -5
66 127 -8
66 137 4
66 102 -3
66 106 0
66 120 10
66 147 3
66 93 -7
66 136 6
66 145 -4
66 96 3
66 72 5
66 101 0
66 80 1
66 81 3
66 88 -2
66 142 10
66 92 -10
66 117 8
66 115 0
66 74 1
66 112 -5
66 82 -2
66 140 -2
66 149 1
66 130 10
66 94 -1
66 126 -1
66 79 3
66 129 5
66 99 1
66 125 9
66 118 7
66 143 -4
66 69 -2
66 73 0
66 107 6
66 139 -7
66 100 -2
66 70 10
66 131 1
66 87 3
66 84 2
67 133 9
67 149 1
67 124 4
67 109 1
67 126 0
67 131 7
67 111 -5
67 118 7
67 144 5
67 84 9
67 105 2
67 76 1
67 108 -8
67 138 9
67 72 1
67 79 -4
67 86 -9
67 71 6
67 78 2
67 107 -5
67 136 -7
67 134 4
67 91 -9
67 123 -2
67 90 -7
67 83 7
67 102 -10
67 119 -2
67 129 5
67 148 -7
67 121 -4
67 96 10
67 100 6
67 132 -2
67 106 0
67 110 8
67 70 5
67 81 4
67 77 -8
67 127 -3
67 117 8
67 125 3
67 146 -2
67 75 -3
67 115 8
67 143 -4
67 150 1
67 73 10
67 98 5
67 80 -6
67 116 -9
67 113 1
67 82 -5
67 139 10
67 120 4
67 94 1
67 74 8
67 135 10
67 85 -10
67 122 1
67 137 7
67 142 -2
67 141 -1
67 147 -6
67 112 6
67 130 -6
67 114 -5
67 93 4
67 140 -9
67 87 -8
67 128 10
67 89 1
67 97 -9
67 103 -9
67 145 -1
67 88 -1
68 97 -2
68 73 6
68 71 -10
68 90 0
68 82 4
68 92 5
68 114 1
68 84 6
68 136 1
68 76 4
68 103 -6
68 80 0
68 141 -8
68 110 0
68 119 -9
68 107 -9
68 125 0
68 91 3
68 93 7
68 74 0
68 79 9
68 86 -10
68 147 -2
68 104 0
68 83 -6
68 96 9
68 133 -4
68 109 -2
68 116 -1
68 135 10
68 126 10
68 143 -9
68 95 3
68 117 3
68 137 8
68 150 -4
68 139 -4
68 69 -8
68 140 7
68 149 4
68 81 -6
68 100 0
68 88 1
68 128 0
68 108 7
68 70 -2
68 112 10
68 121 0
68 145 -8
68 123 5
68 138 4
68 98 -1
68 94 6
68 111 -6
68 122 4
68 118 -6
68 102 -3
68 99 -9
68 101 6
68 129 2
68 132 6
68 87 -10
68 120 5
68 115 -1
68 144 9
68 89 7
68 127 -3
68 77 7
68 106 1
68 75 -10
68 142 9
68 113 10
68 130 -3
68 85 4
68 146 -6
69 147 0
69 123 4
69 96 0
69 125 0
69 134 7
69 82 -10
69 136 -10
69 146 6
69 127 6
69 119 -7
69 90 6
69 84 -9
69 113 -6
69 70 6
69 92 -2
69 149 -7
69 112 -2
69 71 10
69 129 -7
69 106 -7
69 126 1
69 107 -4
69 81 -7
69 114 -2
69 101 -1
69 77 -1
69 148 -10
69 131 -10
69 143 0
69 142 9
69 141 -4
69 109 3
69 75 6
69 105 7
69 124 -4
69 89 -10
69 117 1
69 104 8
69 144 0
69 130 -5
69 93 9
69 73 -7
69 97 8
69 132 6
69 100 -10
69 102 -7
69 76 4
69 94 -6
69 139 10
69 91 0
69 116 -6
69 83 -3
69 74 8
69 87 8
69 99 1
69 115 2
69 138 -5
69 85 0
69 145 -1
69 111 4
69 118 6
69 72 9
69 108 3
69 122 4
69 98 5
69 120 10
69 133 8
69 79 6
69 150 -10
69 135 6
69 121 6
69 80 3
69 86 2
69 110 1
69 103 7
70 118 5
70 77 2
70 119 9
70 128 4
70 74 -10
70 103 1
70 82 -8
70 114 -7
70 113 -7
70 84 -5
70 122 -6
70 131 -7
70 135 -8
70 79 -1
70 124 7
70 87 -4
70 132 1
70 138 8
70 88 5
70 148 0
70 146 8
70 91 -2
70 100 1
70 76 6
70 116 -9
70 95 2
70 143 7
70 125 5
70 115 7
70 73 9
70 109 -9
70 137 3
70 105 -1
70 92 3
70 81 -7
70 121 3
70 71 -4
70 144 2
70 86 3
70 141 -2
70 150 -2
70 89 -3
70 149 -9
70 139 7
70 136 4
70 147 4
70 75 -3
70 80 -10
70 120 -9
70 104 4
70 133 8
70 85 0
70 99 -5
70 83 4
70 101 -7
70 97 5
70 78 -1
70 126 -3
70 145 0
70 112 -9
70 134 -9
70 108 9
70 96 7
70 110 -2
70 93 0
70 129 4
70 107 2
70 130 10
70 127 -9
70 142 -2
70 94 3
70 111 6
71 135 -9
71 92 -6
71 78 9
71 82 -7
71 75 -1
71 110 1
71 144 -5
71 88 7
71 111 -9
71 105 -7
71 81 7
71 72 1
71 91 6
71 86 4
71 117 10
71 114 2
71 143 -8
71 147 -2
71 139 -4
71 74 -7
71 126 5
71 109 -1
71 107 -1
71 80 1
71 98 7
71 133 -10
71 122 -7
71 101 -6
71 103 7
71 108 -8
71 95 3
71 128 -3
71 150 1
71 119 4
71 102 -10
71 97 -2
71 106 -7
71 73 0
71 84 6
71 149 10
71 115 1
71 77 6
71 132 -3
71 96 -7
71 145 10
71 134 -4
71 142 10
71 125 10
71 93 1
71 100 -9
71 99 4
71 83 2
71 85 8
71 130 -5
71 116 0
71 129 5
71 123 -7
71 76 -6
71 87 2
71 79 8
71 131 -3
71 124 4
71 141 0
71 137 6
71 112 3
71 136 -6
71 94 -4
71 146 -7
71 118 -1
71 120 9
71 89 4
72 117 5
72 138 -1
72 122 0
72 111 8
72 90 -1
72 134 -8
72 74 10
72 77 4
72 81 2
72 80 -5
72 75 3
72 98 -5
72 148 -2
72 147 -4
72 143 4
72 149 -3
72 124 -2
72 140 3
72 99 3
72 121 -3
72 97 5
72 136 -5
72 130 -9
72 88 9
72 142 -2
72 82 -9
72 110 9
72 109 -2
72 133 -4
72 86 -1
72 141 0
72 102 8
72 95 -5
72 119 6
72 96 1
72 145 10
72 100 -1
72 116 9
72 112 -9
72 104 -10
72 120 -7
72 83 -7
72 115 0
72 129 -7
72 132 -10
72 101 -2
72 93 4
72 79 -4
72 139 1
72 118 9
72 78 5
72 131 6
72 128 8
72 107 -3
72 146 1
72 150 10
72 73 2
72 84 8
72 103 3
72 108 4
72 125 4
72 105 -7
72 91 3
72 127 6
72 85 10
72 114 8
72 92 7
72 87 -9
72 106 -3
73 82 -4
73 127 9
73 96 0
73 145 -8
73 113 -2
73 100 2
73 93 0
73 149 4
73 122 2
73 105 -5
73 97 8
73 141 8
73 123 5
73 103 -3
73 77 8
73 131 1
73 128 9
73 89 -7
73 110 9
73 106 -2
73 104 6
73 85 1
73 111 -1
73 74 10
73 144 -2
73 112 1
73 130 9
73 140 3
73 99 -5
73 133 6
73 81 2
73 135 8
73 80 1
73 76 8
73 98 -6
73 102 10
73 116 8
73 150 -2
73 129 0
73 126 -1
73 114 2
73 142 3
73 75 1
73 137 8
73 94 -9
73 119 4
73 108 0
73 138 6
73 84 -1
73 115 -1
73 148 -1
73 79 3
73 78 8
73 147 -4
73 124 -1
73 125 1
73 92 -7
73 86 1
73 120 -1
73 87 10
73 101 8
73 88 0
73 95 -2
73 139 -10
73 107 10
73 134 -3
74 101 -9
74 104 -10
74 138 2
74 134 -8
74 136 -6
74 115 0
74 90 -4
74 150 -1
74 95 3
74 76 -5
74 135 10
74 142 8
74 128 9
74 110 6
74 77 6
74 79 -9
74 121 6
74 111 1
74 112 7
74 130 -4
74 114 4
74 147 5
74 124 -9
74 84 9
74 122 4
74 75 3
74 102 0
74 93 8
74 125 10
74 129 -2
74 133 0
74 78 -1
74 127 5
74 144 8
74 120 -9
74 98 7
74 96 8
74 139 6
74 81 3
74 123 4
74 109 -1
74 92 2
74 126 9
74 87 -4
74 118 -6
74 113 7
74 94 7
74 99 -4
74 86 -2
74 107 -3
74 106 9
74 82 3
74 148 0
74 89 -6
74 105 -5
74 149 -6
74 80 -7
74 145 -4
74 97 3
74 91 6
74 88 9
74 116 4
74 141 9
74 108 6
74 143 -6
74 132 -2
75 85 -2
75 150 -5
75 126 -1
75 99 -1
75 146 5
75 133 -7
75 123 4
75 142 1
75 113 -2
75 84 -5
75 98 7
75 149 -4
75 91 -3
75 115 -2
75 77 9
75 145 10
75 118 9
75 116 -6
75 144 -5
75 143 -5
75 87 9
75 100 -8
75 103 -9
75 121 -6
75 89 9
75 125 -3
75 132 2
75 102 -7
75 137 3
75 94 -8
75 120 -5
75 109 -3
75 119 -10
75 138 1
75 104 -10
75 96 8
75 117 4
75 110 -4
75 76 5
75 105 3
75 122 10
75 82 8
75 97 -5
75 95 -3
75 114 1
75 141 3
75 90 7
75 79 8
75 93 9
75 128 1
75 107 -6
75 108 0
75 130 -9
75 148 -1
75 127 -3
75 92 4
75 136 -2
75 88 4
75 111 9
75 147 -9
75 80 5
75 131 -8
75 129 5
75 106 -1
76 129 9
76 124 2
76 130 8
76 98 0
76 97 10
76 105 4
76 81 3
76 80 -6
76 142 -7
76 91 -4
76 78 -5
76 127 6
76 110 0
76 90 -8
76 106 -3
76 147 -4
76 93 -9
76 134 1
76 118 0
76 119 4
76 111 5
76 83 -8
76 121 4
76 138 -9
76 149 -1
76 136 -5
76 77 -1
76 89 10
76 103 1
76 85 -3
76 140 -3
76 107 7
76 120 -9
76 82 -9
76 122 -10
76 131 -5
76 116 5
76 115 10
76 79 10
76 144 5
76 100 -2
76 123 -9
76 84 4
76 104 10
76 95 0
76 141 -5
76 109 6
76 125 -9
76 99 -6
76 145 8
76 102 -1
76 137 5
76 94 8
76 114 -2
76 132 0
76 150 -7
76 126 7
76 108 -4
76 133 1
76 135 -4
76 113 -5
76 117 7
76 139 -6
76 146 4
76 87 -6
77 89 5
77 123 0
77 149 -3
77 127 8
77 82 0
77 130 3
77 129 -9
77 116 5
77 110 2
77 100 -6
77 139 -3
77 120 -4
77 92 -8
77 93 -9
77 132 8
77 84 8
77 140 4
77 118 10
77 143 6
77 86 1
77 121 9
77 141 -10
77 146 0
77 115 -6
77 91 3
77 81 -4
77 109 -7
77 96 -3
77 134 8
77 83 4
77 126 -8
77 150 9
77 78 -10
77 85 2
77 142 -2
77 88 9
77 117 2
77 80 -10
77 136 4
77 135 -2
77 128 6
77 101 -8
77 144 6
77 122 7
77 87 -2
77 104 -5
77 105 6
77 125 -4
77 133 -3
77 79 -8
77 138 -1
77 119 -4
77 112 -3
77 124 -10
77 94 -4
77 111 3
77 147 0
77 99 -1
77 131 -5
77 106 7
77 113 5
77 145 -7
77 90 1
77 95 -7
77 137 10
77 114 7
78 149 6
78 88 -5
78 87 -8
78 116 9
78 110 -7
78 109 -10
78 146 -4
78 112 -6
78 96 7
78 92 1
78 126 10
78 86 6
78 118 -10
78 136 -8
78 123 -8
78 141 -10
78 137 3
78 84 4
78 124 -10
78 144 -10
78 115 -4
78 135 1
78 98 -5
78 85 3
78 131 1
78 127 10
78 103 -9
78 108 10
78 139 7
78 102 4
78 119 6
78 107 2
78 93 7
78 125 -4
78 145 6
78 89 -2
78 128 -8
78 105 -10
78 97 5
78 142 -4
78 95 -5
78 104 3
78 147 9
78 82 2
78 132 8
78 122 0
78 99 10
78 148 -10
78 94 0
78 113 5
78 81 -1
78 80 10
78 79 -8
78 90 -7
78 130 -1
78 111 -7
78 117 -10
78 83 -6
78 134 0
78 100 -2
78 114 -4
78 120 -3
78 140 -2
78 138 -5
78 150 -7
78 133 5
79 112 -8
79 94 5
79 93 8
79 138 -10
79 99 2
79 139 -3
79 85 -1
79 109 -8
79 143 7
79 137 4
79 129 -7
79 87 9
79 91 -2
79 119 5
79 82 -5
79 114 9
79 101 1
79 90 6
79 95 7
79 130 10
79 106 7
79 92 2
79 148 4
79 140 10
79 96 6
79 104 2
79 107 -4
79 128 -10
79 134 5
79 97 -2
79 133 6
79 145 -6
79 144 10
79 115 -8
79 111 -6
79 89 4
79 103 7
79 117 6
79 123 1
79 81 -6
79 88 -7
79 118 -1
79 80 -6
79 146 -9
79 141 -10
79 120 -2
79 105 3
79 124 9
79 142 3
79 147 1
79 150 7
79 86 5
79 127 4
79 116 10
79 113 10
79 132 5
79 102 5
79 122 8
79 126 -2
79 83 -4
79 125 -6
79 110 7
79 121 -6
79 84 -5
80 98 9
80 106 4
80 105 10
80 92 0
80 118 -5
80 89 3
80 140 2
80 133 4
80 85 6
80 109 6
80 139 1
80 100 6
80 144 4
80 101 1
80 126 4
80 135 2
80 125 3
80 124 10
80 145 -9
80 81 -3
80 138 -8
80 84 4
80 108 -5
80 87 7
80 142 -1
80 113 7
80 129 -8
80 97 -10
80 112 5
80 120 1
80 134 7
80 128 -3
80 137 10
80 96 -10
80 122 -2
80 132 1
80 141 -4
80 99 -5
80 147 -2
80 149 -4
80 121 -9
80 143 -3
80 131 -9
80 148 -2
80 150 -4
80 95 -8
80 115 10
80 94 -7
80 119 4
80 146 -2
80 104 4
80 103 9
80 110 -7
80 136 -8
80 91 -2
80 130 7
80 117 2
80 116 -4
80 90 4
80 114 0
80 123 -6
80 111 0
80 102 1
80 93 -3
81 144 2
81 92 2
81 126 6
81 125 -4
81 98 10
81 86 2
81 105 4
81 99 -3
81 150 9
81 148 -5
81 120 -9
81 95 -3
81 123 -5
81 121 6
81 140 -2
81 131 7
81 116 -2
81 141 6
81 87 -6
81 119 -3
81 103 4
81 118 -3
81 143 8
81 107 -6
81 145 5
81 127 5
81 88 6
81 133 5
81 94 4
81 122 -8
81 135 9
81 104 -2
81 102 -7
81 137 7
81 89 -2
81 132 8
81 84 1
81 108 0
81 138 1
81 147 5
81 142 -1
81 117 -3
81 128 7
81 93 0
81 146 8
81 129 2
81 101 0
81 114 6
81 109 -4
81 124 6
81 106 8
81 139 4
81 110 4
81 111 -4
81 97 0
81 115 4
81 130 -6
82 132 -5
82 88 -10
82 113 3
82 83 9
82 109 -9
82 125 9
82 111 -1
82 134 -10
82 116 10
82 124 -1
82 89 -4
82 115 10
82 143 -6
82 142 -10
82 128 -4
82 102 0
82 135 5
82 92 -8
82 139 4
82 146 -7
82 136 -4
82 138 9
82 126 -4
82 106 -7
82 87 -5
82 130 5
82 140 -3
82 93 4
82 121 3
82 100 1
82 98 2
82 101 -3
82 120 -8
82 104 9
82 150 10
82 108 9
82 123 -4
82 94 7
82 107 -6
82 119 -2
82 122 0
82 95 -5
82 149 -8
82 133 -6
82 114 4
82 131 -2
82 86 1
82 90 2
82 85 1
82 117 -10
82 110 -3
82 129 -1
82 147 -4
82 96 10
82 99 2
82 127 2
82 118 -2
82 145 2
82 137 0
82 84 9
82 91 -7
82 141 -2
83 117 -8
83 127 5
83 85 -5
83 95 -3
83 118 -6
83 112 7
83 97 1
83 147 -10
83 96 -9
83 86 4
83 145 -5
83 114 -1
83 146 -7
83 143 3
83 149 5
83 103 -5
83 105 -4
83 110 7
83 101 -4
83 124 -7
83 102 -1
83 107 -5
83 100 8
83 111 -9
83 93 -10
83 91 -3
83 89 -4
83 92 -9
83 84 8
83 121 -2
83 113 0
83 125 -4
83 128 -1
83 133 -7
83 134 10
83 115 -5
83 99 -8
83 109 4
83 129 -6
83 135 -7
83 150 8
83 139 1
83 90 -1
83 119 -4
83 94 -5
83 148 0
83 123 4
83 122 1
83 130 -3
83 141 6
83 138 4
83 136 6
83 88 1
83 108 7
83 120 0
83 116 7
83 131 8
83 142 -1
83 98 6
83 140 -5
84 133 2
84 116 -3
84 102 9
84 97 -3
84 109 6
84 148 1
84 96 -2
84 136 8
84 88 0
84 149 1
84 132 -5
84 144 -8
84 101 -1
84 134 -4
84 103 -10
84 90 7
84 119 0
84 113 -3
84 130 9
84 142 -2
84 91 8
84 98 7
84 114 2
84 123 -9
84 150 -3
84 143 -6
84 141 -6
84 111 7
84 126 -10
84 127 5
84 112 -7
84 107 -4
84 146 -5
84 87 -6
84 115 -8
84 131 -6
84 125 -2
84 135 -10
84 86 -7
84 92 5
84 94 8
84 137 1
84 121 -5
84 139 3
84 110 2
84 140 10
84 106 -4
84 118 -2
84 120 6
84 104 7
84 124 5
84 93 -2
84 117 -2
84 138 8
84 128 5
85 107 10
85 150 3
85 120 1
85 139 0
85 148 -4
85 133 2
85 136 0
85 102 -7
85 141 2
85 122 -5
85 108 0
85 86 4
85 100 2
85 90 4
85 135 5
85 109 2
85 118 -5
85 105 -9
85 104 6
85 101 -6
85 145 2
85 144 -7
85 114 9
85 92 1
85 130 3
85 94 7
85 140 -2
85 95 10
85 98 2
85 93 -9
85 99 9
85 121 7
85 124 9
85 117 -2
85 110 8
85 132 1
85 123 8
85 96 5
85 131 -4
85 112 -3
85 128 -3
85 87 -2
85 127 -7
85 119 -4
85 103 -4
85 146 0
85 91 0
85 126 -5
85 125 5
85 147 3
85 113 -5
85 138 1
85 143 -8
85 137 -5
85 116 0
85 88 -8
85 115 5
85 97 6
85 106 9
86 96 -8
86 143 -2
86 122 -6
86 98 -4
86 104 -2
86 119 -2
86 142 -8
86 97 1
86 118 -4
86 113 -1
86 88 0
86 91 7
86 130 -7
86 144 -7
86 87 -6
86 146 2
86 125 8
86 147 -4
86 90 5
86 111 -5
86 116 8
86 149 -10
86 140 6
86 137 2
86 110 -6
86 132 -6
86 131 -4
86 95 8
86 101 -4
86 102 8
86 92 -2
86 106 -5
86 126 -2
86 103 -5
86 108 -5
86 115 6
86 139 -8
86 93 -10
86 150 2
86 123 5
86 100 5
86 124 10
86 141 -7
86 112 9
86 94 2
86 136 2
86 138 -6
86 128 10
86 89 -2
86 145 -10
86 133 -2
86 148 10
86 121 -3
86 105 -5
86 99 6
86 127 -10
87 114 -1
87 126 -2
87 95 1
87 142 7
87 122 -4
87 120 1
87 104 -2
87 96 -6
87 101 0
87 134 1
87 89 -1
87 108 -1
87 138 -5
87 132 -7
87 144 -7
87 98 4
87 105 7
87 103 -5
87 112 -8
87 99 -5
87 137 -2
87 133 3
87 119 -7
87 128 -8
87 124 -9
87 135 9
87 113 8
87 148 4
87 110 -6
87 117 2
87 118 -7
87 116 -8
87 141 -9
87 123 -9
87 102 0
87 130 7
87 100 -10
87 97 -7
87 140 -1
87 139 -4
87 127 10
87 107 0
87 111 -8
87 90 7
87 121 -6
87 147 -4
87 129 -8
87 150 1
87 93 9
87 143 -4
87 145 -6
87 106 1
87 88 7
87 149 2
87 146 -4
87 94 0
87 136 8
87 109 1
87 92 0
87 125 -3
88 119 5
88 132 -5
88 103 1
88 133 7
88 139 -10
88 122 4
88 109 9
88 131 6
88 112 -2
88 99 9
88 96 8
88 94 8
88 121 -6
88 140 -6
88 89 6
88 92 9
88 138 1
88 130 -4
88 129 7
88 102 -9
88 123 1
88 111 -10
88 104 -3
88 126 10
88 116 9
88 107 -7
88 127 6
88 128 4
88 137 1
88 148 6
88 146 1
88 113 0
88 110 6
88 91 -3
88 114 7
88 135 -9
88 105 -8
88 144 -2
88 117 9
88 106 -3
88 143 -4
88 124 -3
88 97 5
88 142 -4
88 115 -8
88 150 -5
88 120 5
88 145 2
88 118 -2
88 141 -8
88 100 -1
88 93 3
89 117 7
89 127 4
89 100 -6
89 120 -2
89 122 0
89 98 -5
89 110 -10
89 133 -10
89 104 0
89 123 5
89 124 9
89 145 10
89 109 -8
89 121 8
89 97 9
89 116 5
89 150 -6
89 101 10
89 135 7
89 125 -5
89 94 -6
89 106 -4
89 142 -7
89 128 -3
89 115 7
89 140 9
89 131 -5
89 134 -3
89 143 8
89 99 -4
89 137 9
89 147 -8
89 107 -4
89 114 -4
89 139 8
89 146 1
89 103 7
89 129 -8
89 113 -5
89 138 -3
89 95 8
89 148 0
89 102 1
89 149 6
89 92 2
89 141 6
89 144 4
89 136 -2
89 93 -6
89 90 -5
89 96 3
89 105 -1
89 111 1
89 126 2
90 115 -2
90 118 -5
90 96 2
90 127 1
90 133 -1
90 97 3
90 105 -2
90 140 5
90 138 7
90 124 8
90 141 3
90 122 -1
90 147 7
90 114 1
90 100 6
90 146 10
90 144 3
90 125 7
90 98 -7
90 142 2
90 143 10
90 95 10
90 93 4
90 101 8
90 94 -5
90 102 2
90 119 -6
90 128 4
90 110 -9
90 136 8
90 129 10
90 92 -2
90 145 -4
90 120 3
90 104 -8
90 106 0
90 131 -7
90 123 2
90 116 -8
90 139 2
90 130 3
90 108 9
90 109 -6
90 134 -3
90 107 3
90 132 -4
90 148 -7
90 121 -4
90 135 -1
90 112 3
90 99 -4
90 126 -1
90 149 -9
90 150 5
91 97 -2
91 144 1
91 136 8
91 137 3
91 143 0
91 95 9
91 110 -6
91 126 9
91 100 7
91 114 6
91 149 5
91 130 10
91 129 -2
91 128 -6
91 117 -5
91 103 -4
91 111 5
91 133 -2
91 146 10
91 124 4
91 92 -9
91 118 -6
91 99 -2
91 93 9
91 123 -4
91 108 8
91 145 0
91 147 10
91 127 -7
91 122 3
91 150 -1
91 148 0
91 141 -10
91 120 -9
91 116 -7
91 106 4
91 104 -7
91 125 3
91 134 -4
91 102 0
91 142 -8
91 105 -1
91 113 -5
91 107 -7
91 112 2
91 132 6
91 135 6
91 96 -10
91 115 1
91 121 -2
91 109 -9
91 138 2
91 94 8
91 119 10
91 131 10
92 127 -2
92 148 -8
92 106 -10
92 129 10
92 104 6
92 123 -3
92 132 0
92 114 7
92 141 -1
92 113 0
92 146 -6
92 131 6
92 118 -9
92 150 8
92 103 8
92 134 3
92 135 -5
92 149 8
92 101 -9
92 115 2
92 137 5
92 96 4
92 128 -6
92 107 6
92 111 -10
92 109 1
92 117 8
92 105 6
92 133 5
92 143 2
92 121 7
92 119 -6
92 124 0
92 130 -4
92 100 1
92 112 -4
92 122 -3
92 142 -1
92 136 0
92 98 6
92 95 9
92 144 9
92 116 -8
92 126 -8
92 125 6
92 110 2
92 97 0
92 99 8
92 93 -6
92 145 2
92 147 5
92 94 -1
92 108 8
93 130 1
93 102 -8
93 131 -10
93 148 -9
93 143 -6
93 109 6
93 95 9
93 116 5
93 138 3
93 144 -10
93 117 -9
93 112 -6
93 106 3
93 118 -5
93 133 -9
93 129 9
93 101 -6
93 127 -4
93 121 -7
93 122 -1
93 140 9
93 139 -1
93 124 -5
93 119 -10
93 107 1
93 149 8
93 104 0
93 114 -7
93 120 7
93 150 -6
93 97 10
93 128 3
93 113 10
93 141 7
93 111 -2
93 108 -4
93 137 4
93 142 1
93 147 -8
93 135 -9
93 98 6
93 145 -1
93 123 9
93 115 -6
93 100 2
93 126 -3
93 134 -4
93 136 -7
94 109 4
94 140 5
94 116 4
94 120 8
94 114 -4
94 118 10
94 146 -1
94 142 2
94 131 -8
94 149 3
94 148 -2
94 132 -10
94 136 -10
94 106 9
94 123 3
94 105 8
94 104 -8
94 147 5
94 103 -8
94 138 5
94 100 3
94 134 6
94 124 0
94 150 -1
94 122 9
94 97 -5
94 113 3
94 101 7
94 108 -1
94 139 2
94 129 -1
94 121 -9
94 110 -10
94 130 -2
94 126 4
94 98 -6
94 125 8
94 145 -8
94 127 -6
94 115 8
94 102 9
94 141 -1
94 135 -6
94 119 9
94 144 3
94 137 -2
94 96 -1
94 112 6
94 107 -2
94 99 9
94 133 -2
94 143 4
95 98 -3
95 131 0
95 104 -2
95 114 1
95 149 -4
95 130 -5
95 145 1
95 126 -4
95 110 4
95 105 -5
95 144 -6
95 118 7
95 122 9
95 143 4
95 123 -8
95 111 -8
95 137 -5
95 119 -10
95 103 -8
95 125 9
95 132 4
95 139 -10
95 97 9
95 147 9
95 120 -10
95 140 9
95 96 8
95 148 -7
95 108 -1
95 107 -1
95 100 -3
95 142 -8
95 129 -4
95 124 -4
95 115 0
95 106 -2
95 127 7
95 102 7
95 113 -10
95 134 9
95 116 4
95 138 3
95 135 6
95 109 -4
95 99 -9
95 141 -6
95 112 9
95 101 7
96 125 6
96 102 4
96 143 4
96 141 6
96 128 -8
96 126 -4
96 140 -1
96 115 -6
96 116 -5
96 146 -2
96 142 2
96 111 6
96 137 -8
96 110 10
96 120 1
96 98 8
96 145 -3
96 107 -5
96 105 3
96 124 -1
96 131 -4
96 97 -2
96 132 8
96 138 7
96 148 0
96 133 -7
96 149 1
96 139 -4
96 136 9
96 121 -8
96 135 -3
96 100 -5
96 129 -3
96 119 -10
96 104 -9
96 147 1
96 123 -7
96 109 4
96 101 6
96 106 9
96 113 9
96 134 10
96 122 -6
96 127 2
96 144 -2
96 150 5
96 118 -3
96 108 1
96 103 1
96 117 -9
96 112 -2
96 130 0
96 99 -8
97 149 7
97 135 2
97 111 8
97 113 2
97 109 8
97 128 -6
97 124 -10
97 146 -5
97 119 10
97 117 -5
97 122 -1
97 116 5
97 137 -1
97 100 -3
97 134 -5
97 139 5
97 121 8
97 145 -8
97 130 7
97 142 6
97 138 -6
97 132 10
97 103 10
97 99 -6
97 107 -2
97 106 3
97 112 -6
97 118 5
97 98 2
97 136 -8
97 105 -8
97 123 -7
97 131 2
97 133 10
97 127 7
97 148 6
97 141 -7
97 115 1
97 144 10
97 129 -5
97 102 4
97 101 6
97 125 1
97 150 0
97 126 -1
97 114 2
98 135 -1
98 106 -4
98 128 2
98 124 -6
98 130 -2
98 140 -1
98 109 -9
98 132 -6
98 139 7
98 150 -9
98 108 8
98 110 -2
98 129 1
98 148 -3
98 134 -10
98 100 3
98 114 6
98 99 1
98 125 0
98 143 1
98 111 9
98 112 -4
98 107 9
98 116 1
98 118 -3
98 142 -1
98 117 8
98 103 -10
98 115 5
98 127 -8
98 120 3
98 138 -7
98 147 6
98 113 -10
98 104 -5
98 136 4
98 122 0
98 144 -2
98 133 8
98 146 0
98 123 0
98 121 -1
98 145 8
98 137 -10
99 101 9
99 103 -5
99 105 1
99 128 5
99 113 -2
99 147 1
99 134 -3
99 144 9
99 108 -9
99 150 -6
99 115 -3
99 125 7
99 109 -1
99 112 0
99 132 0
99 126 3
99 146 -5
99 121 -6
99 137 -3
99 100 5
99 107 4
99 145 -5
99 111 -6
99 149 9
99 119 8
99 114 9
99 110 -8
99 102 -9
99 116 -6
99 131 -7
99 148 10
99 117 2
99 124 -8
99 139 -10
99 143 2
99 106 0
99 130 -2
99 140 -9
99 142 -8
99 135 10
99 118 7
99 138 7
99 127 4
99 129 6
99 136 -2
99 123 6
100 148 6
100 121 -1
100 103 7
100 144 4
100 124 1
100 131 7
100 118 -1
100 140 -3
100 117 2
100 149 -1
100 116 -6
100 125 9
100 105 -9
100 143 8
100 122 -7
100 120 7
100 114 -10
100 101 8
100 132 -4
100 115 7
100 130 2
100 146 -10
100 135 3
100 104 0
100 145 9
100 126 -7
100 134 2
100 110 -6
100 108 10
100 128 6
100 112 -10
100 123 3
100 147 -1
100 139 2
100 113 -7
100 142 6
100 119 3
100 106 -8
100 133 6
100 138 -2
100 136 -10
101 119 0
101 121 -6
101 149 4
101 128 7
101 144 0
101 114 -6
101 122 4
101 140 -6
101 102 1
101 118 2
101 126 2
101 132 -7
101 131 7
101 147 -2
101 109 7
101 148 -8
101 124 -9
101 104 -9
101 142 -3
101 146 -1
101 117 -6
101 150 0
101 134 2
101 145 4
101 143 5
101 105 9
101 137 -10
101 141 6
101 127 -10
101 123 10
101 115 -1
101 133 6
101 111 -2
101 138 -3
101 120 -8
101 116 5
101 135 4
101 113 0
101 108 -9
101 130 -3
101 103 8
101 106 3
102 139 -4
102 119 -2
102 103 -3
102 114 8
102 112 -8
102 105 6
102 117 2
102 111 4
102 128 8
102 143 10
102 134 -1
102 148 7
102 110 -9
102 115 -4
102 104 -7
102 121 -4
102 146 -7
102 147 -5
102 144 5
102 142 -5
102 130 7
102 108 -1
102 138 9
102 133 -4
102 136 9
102 109 -3
102 123 0
102 125 10
102 135 -4
102 116 6
102 124 -8
102 137 -6
102 150 6
102 131 -5
102 106 -1
102 141 2
102 140 10
102 127 -4
102 107 -7
102 145 -2
102 132 4
102 113 -5
102 122 2
103 133 1
103 126 -2
103 144 -6
103 121 6
103 108 -2
103 149 -3
103 134 0
103 143 9
103 107 8
103 124 9
103 120 -4
103 145 -9
103 125 -5
103 110 4
103 130 -9
103 118 -7
103 116 -10
103 113 7
103 114 1
103 127 7
103 150 -1
103 147 -4
103 135 -6
103 122 -9
103 142 -7
103 128 1
103 140 4
103 131 6
103 117 -1
103 109 -1
103 148 -9
103 105 6
103 104 5
103 132 -2
103 123 -1
103 146 -7
103 139 7
103 106 4
103 129 7
103 112 9
103 111 7
103 137 0
104 129 -5
104 119 8
104 141 1
104 108 6
104 145 -5
104 146 8
104 149 -10
104 136 8
104 126 0
104 135 1
104 143 7
104 106 9
104 128 6
104 130 0
104 122 -8
104 120 -7
104 117 0
104 125 -5
104 132 -8
104 116 6
104 127 6
104 150 -7
104 113 0
104 112 -2
104 140 8
104 133 -1
104 110 -3
104 105 2
104 131 -6
104 144 7
104 134 -9
104 148 1
104 142 2
104 147 4
104 115 -4
104 121 -1
104 124 -4
104 111 7
104 139 10
104 109 -10
104 123 2
104 114 -10
105 113 5
105 116 -3
105 125 -1
105 130 -7
105 133 9
105 148 5
105 121 -3
105 120 -7
105 143 8
105 131 9
105 137 2
105 115 3
105 145 1
105 118 1
105 134 -5
105 109 6
105 111 -10
105 117 8
105 108 6
105 112 -1
105 140 2
105 110 6
105 128 -6
105 138 1
105 126 5
105 142 5
105 141 -3
105 135 4
105 146 0
105 150 7
105 144 7
105 119 6
105 122 7
105 136 -10
105 123 -1
105 147 -6
105 107 -9
105 114 7
106 127 3
106 128 6
106 113 6
106 146 -2
106 118 -8
106 126 4
106 120 -4
106 119 9
106 137 9
106 111 -7
106 107 0
106 145 9
106 135 3
106 109 -9
106 149 9
106 123 -7
106 110 6
106 132 -1
106 125 9
106 150 7
106 116 -3
106 136 -3
106 129 0
106 139 1
106 117 -8
106 122 -4
106 133 -3
106 144 -4
106 114 -3
106 115 -6
106 148 -7
106 131 6
106 141 8
106 138 -5
106 147 -9
106 112 -2
106 108 -4
106 121 9
107 149 -6
107 130 1
107 144 -5
107 125 -2
107 119 1
107 133 3
107 146 7
107 121 2
107 138 -5
107 114 9
107 113 -9
107 147 2
107 115 4
107 118 -4
107 111 -2
107 131 -3
107 136 0
107 108 2
107 137 -10
107 117 8
107 120 9
107 112 0
107 129 -5
107 123 6
107 142 3
107 128 6
107 139 1
107 132 -7
107 141 6
107 134 0
107 135 6
107 148 3
107 109 1
107 145 2
107 110 -1
107 127 -2
107 116 7
107 150 4
108 128 2
108 132 -2
108 130 -2
108 122 -2
108 114 3
108 142 2
108 148 -3
108 146 -4
108 133 -3
108 111 -8
108 143 -4
108 109 -7
108 136 3
108 140 -3
108 125 -5
108 137 -5
108 123 -4
108 113 -4
108 121 3
108 112 -6
108 147 -10
108 119 3
108 117 -8
108 145 6
108 115 6
108 134 -6
108 144 -7
108 126 5
108 149 6
108 141 8
108 138 10
108 127 -7
108 116 10
108 120 -9
108 135 2
109 144 5
109 138 3
109 146 5
109 119 -7
109 143 -9
109 115 3
109 145 3
109 128 5
109 118 -9
109 117 -6
109 125 -2
109 120 -9
109 149 -10
109 142 10
109 114 4
109 116 -10
109 130 2
109 148 -1
109 127 -6
109 111 2
109 136 -1
109 124 5
109 140 7
109 129 -8
109 147 -5
109 121 1
109 139 10
109 134 7
109 126 6
109 135 -1
109 132 -8
109 113 -7
109 123 2
109 141 10
109 137 -2
110 144 -1
110 111 8
110 113 4
110 147 10
110 133 4
110 119 10
110 148 10
110 143 5
110 129 -8
110 116 -5
110 118 4
110 136 4
110 141 -4
110 122 0
110 142 -9
110 145 -2
110 150 2
110 115 2
110 120 6
110 121 -6
110 130 -8
110 127 -7
110 126 -2
110 137 10
110 140 7
110 123 1
110 114 3
110 128 1
110 112 -8
110 132 4
110 131 -5
110 135 6
110 139 -3
110 146 7
111 150 -1
111 129 -4
111 116 9
111 125 10
111 140 1
111 128 2
111 146 -7
111 130 3
111 117 -7
111 118 -2
111 147 -4
111 144 4
111 149 -7
111 134 4
111 127 7
111 131 0
111 148 -10
111 141 -4
111 112 10
111 133 1
111 121 -5
111 124 -2
111 142 4
111 122 -7
111 126 -5
111 120 5
111 139 6
111 143 2
111 137 4
111 119 -8
111 123 -4
112 125 -8
112 135 6
112 124 5
112 118 -9
112 122 10
112 145 9
112 133 -7
112 149 10
112 115 -9
112 117 -6
112 147 10
112 131 3
112 146 1
112 119 -5
112 123 -7
112 116 -6
112 121 -1
112 129 9
112 127 -8
112 128 3
112 142 0
112 136 5
112 148 -2
112 141 -4
112 126 3
112 132 4
112 120 7
112 143 1
112 134 3
112 137 7
112 144 4
112 139 8
112 140 4
112 130 0
113 141 -6
113 138 -3
113 117 7
113 149 6
113 115 0
113 142 2
113 135 -6
113 126 3
113 116 -10
113 119 -7
113 127 6
113 147 -9
113 132 -9
113 148 3
113 145 7
113 137 5
113 134 -8
113 130 -1
113 139 -10
113 123 6
113 143 2
113 118 6
113 125 0
113 129 9
113 122 -8
113 128 -1
113 136 -3
113 140 -10
113 124 -3
113 131 -10
113 121 7
113 114 4
113 150 -9
113 120 0
113 133 2
114 140 -3
114 134 5
114 148 2
114 125 6
114 135 9
114 129 -5
114 141 3
114 136 1
114 121 2
114 115 -8
114 150 7
114 142 -7
114 143 -3
114 128 2
114 130 -3
114 119 -3
114 127 -2
114 120 7
114 122 8
114 137 -2
114 147 3
114 123 -1
114 118 -6
114 149 -1
114 131 -10
114 126 -5
114 116 10
114 139 -5
115 122 -4
115 147 0
115 142 10
115 138 -6
115 140 9
115 130 -6
115 149 9
115 145 3
115 132 2
115 144 10
115 120 -4
115 127 0
115 134 -2
115 126 -7
115 125 9
115 129 -6
115 128 4
115 148 9
115 116 3
115 135 -3
115 121 0
115 139 -3
115 119 -3
115 133 0
115 124 7
115 150 4
115 131 7
115 137 8
115 118 -7
115 136 6
115 117 0
115 123 -10
115 143 -5
115 141 -7
115 146 -6
116 120 2
116 126 0
116 138 4
116 137 -1
116 117 -10
116 119 -5
116 143 2
116 127 -1
116 130 -8
116 125 0
116 139 -8
116 128 -1
116 121 3
116 146 10
116 150 -10
116 133 0
116 132 -3
116 135 6
116 118 9
116 136 -2
116 140 -10
116 147 -10
116 141 2
116 129 -1
116 124 -10
116 148 5
116 149 -7
116 134 5
116 145 -3
116 144 -1
116 142 6
116 122 -10
117 146 -4
117 136 -1
117 134 6
117 135 10
117 132 -8
117 142 2
117 148 -4
117 131 -9
117 147 6
117 138 2
117 118 -9
117 122 10
117 120 -2
117 144 0
117 126 0
117 119 8
117 137 -10
117 133 2
117 127 1
117 145 -1
117 123 7
117 129 2
117 143 0
117 149 7
117 125 1
117 141 -10
117 139 5
117 150 9
117 121 8
117 124 -10
118 127 -10
118 149 -4
118 120 5
118 146 6
118 132 0
118 136 4
118 121 10
118 131 -7
118 129 3
118 138 -9
118 145 -6
118 135 -6
118 148 -9
118 133 2
118 144 1
118 126 2
118 123 7
118 134 6
118 128 10
118 125 6
118 142 7
118 119 -8
118 137 -2
118 124 2
118 150 -1
118 141 9
118 122 6
118 139 -1
119 139 10
119 143 10
119 148 -10
119 126 10
119 145 10
119 136 -2
119 141 2
119 132 5
119 146 -1
119 149 1
119 128 2
119 134 -10
119 144 3
119 123 -5
119 125 1
119 133 -5
119 140 1
119 120 7
119 142 -2
119 124 -5
119 150 -6
119 121 -9
119 147 6
119 130 -3
119 138 3
119 127 -9
119 131 9
119 122 -2
119 135 7
120 128 8
120 133 -9
120 129 -1
120 140 4
120 149 10
120 142 -6
120 126 10
120 125 -2
120 144 -2
120 121 -9
120 131 -4
120 130 -10
120 141 -10
120 138 -6
120 135 -5
120 123 5
120 127 0
120 145 -5
120 147 -2
120 134 -4
120 150 9
120 136 -6
120 146 3
120 124 0
120 132 8
120 139 5
120 143 -7
120 148 -8
120 137 -10
120 122 10
121 126 6
121 140 4
121 149 9
121 125 -5
121 142 6
121 124 2
121 139 1
121 133 0
121 134 4
121 122 -9
121 128 -2
121 127 -9
121 150 -5
121 147 -7
121 131 7
121 146 -4
121 123 -7
121 138 -6
121 148 6
121 130 0
121 144 -7
121 132 3
121 141 8
121 145 8
121 137 -2
121 136 6
121 135 4
121 143 -10
122 130 3
122 129 6
122 139 3
122 145 -10
122 147 2
122 143 1
122 127 -5
122 124 -6
122 128 -4
122 126 6
122 123 4
122 138 10
122 142 -9
122 133 10
122 149 -8
122 150 10
122 132 0
122 131 1
122 148 -9
122 134 1
122 140 -1
122 141 -6
122 144 -2
122 125 1
122 136 -9
123 139 -6
123 130 2
123 135 10
123 131 7
123 145 8
123 143 7
123 134 -8
123 146 5
123 148 -3
123 142 3
123 133 -4
123 137 6
123 147 10
123 132 -1
123 127 9
123 125 -6
123 149 6
123 140 -9
123 138 -3
123 129 1
123 124 5
123 150 8
123 136 7
123 144 9
123 126 -8
124 144 0
124 139 -7
124 129 -5
124 145 6
124 149 5
124 141 -6
124 130 -1
124 137 9
124 125 1
124 135 -1
124 134 -3
124 143 -1
124 140 5
124 136 -3
124 128 -9
124 127 -7
124 138 -5
124 146 9
124 126 4
124 150 -9
124 132 5
124 133 -1
124 142 5
125 127 8
125 133 0
125 150 -3
125 148 1
125 136 -10
125 134 -2
125 143 -1
125 135 -1
125 142 5
125 137 2
125 139 -7
125 149 -4
125 144 9
125 131 2
125 141 -9
125 138 7
125 140 3
125 128 7
125 129 -5
125 145 7
125 147 -10
125 146 -6
125 130 -7
125 126 7
125 132 -6
126 141 -1
126 148 7
126 132 -8
126 145 -9
126 147 4
126 135 10
126 139 -2
126 136 -1
126 143 -3
126 138 1
126 144 3
126 149 -7
126 150 4
126 142 -8
126 129 4
126 127 -8
126 140 3
126 131 7
126 133 -5
126 137 -1
126 146 7
127 141 -7
127 138 10
127 131 8
127 132 -10
127 143 5
127 135 5
127 133 7
127 129 -5
127 137 -9
127 145 7
127 146 -7
127 136 7
127 130 7
127 142 -5
127 150 2
127 134 3
127 128 -3
127 148 -3
127 139 -1
127 140 9
127 144 3
127 149 -4
127 147 -2
128 135 3
128 140 9
128 132 -6
128 147 -2
128 134 9
128 139 5
128 145 -4
128 142 9
128 130 -7
128 148 10
128 129 -6
128 136 3
128 150 9
128 133 0
128 131 -1
128 144 2
128 143 5
128 146 8
128 141 3
129 137 -1
129 142 7
129 145 -1
129 136 -3
129 138 -8
129 149 -7
129 147 6
129 134 -10
129 144 -7
129 140 7
129 150 -8
129 148 5
129 139 -4
129 135 -10
129 133 8
129 141 -8
129 143 7
129 132 -10
129 146 5
130 142 5
130 132 -6
130 134 -3
130 144 3
130 145 7
130 137 -10
130 143 5
130 136 -6
130 148 9
130 135 4
130 133 -9
130 146 -10
130 141 -6
130 147 0
130 138 -8
131 141 -7
131 150 5
131 144 1
131 145 -5
131 132 -6
131 134 8
131 135 -6
131 142 1
131 149 -6
131 138 -8
131 133 5
131 143 -2
131 140 7
131 147 -4
131 137 3
131 139 -9
131 148 5
132 138 3
132 144 -1
132 140 -1
132 149 -1
132 133 -5
132 148 2
132 146 2
132 147 9
132 143 -9
132 142 10
132 135 -2
132 145 -7
132 134 0
132 141 -7
132 136 -4
132 139 -8
133 134 9
133 144 1
133 142 4
133 145 -2
133 135 -1
133 136 -2
133 143 -1
133 148 7
133 146 -9
133 150 -2
133 140 -1
133 147 -4
133 137 -6
134 135 -3
134 140 8
134 148 -1
134 139 -9
134 144 -4
134 137 -2
134 146 8
134 141 4
134 136 4
134 147 9
134 149 5
134 138 -2
134 143 2
134 145 -4
135 140 5
135 149 0
135 142 -5
135 146 6
135 137 3
135 143 -2
135 144 6
135 150 6
135 147 -6
135 138 6
135 139 7
135 141 -10
135 136 -4
135 148 -3
136 141 7
136 147 -1
136 140 2
136 144 -4
136 143 -1
136 150 -8
136 146 -1
136 139 -8
136 142 -1
136 138 3
136 149 -4
136 148 -9
137 142 -4
137 140 1
137 147 0
137 141 -1
137 144 3
137 149 -7
137 150 -8
137 139 8
137 148 -5
137 138 5
137 143 -3
138 143 -8
138 144 3
138 149 -10
138 146 4
138 148 -4
138 141 -5
138 147 9
138 145 5
138 139 10
138 140 -9
138 142 3
138 150 -6
139 142 -6
139 145 -10
139 150 4
139 147 1
139 140 -6
139 146 -7
139 148 -3
139 141 -3
140 142 6
140 145 0
140 144 2
140 148 5
140 143 6
140 147 6
140 150 2
140 149 -9
140 146 -3
141 144 7
141 148 -3
141 147 -8
141 146 10
141 145 3
141 150 4
141 142 7
142 148 -8
142 147 2
142 145 -7
142 144 10
142 146 9
142 150 2
142 149 -2
142 143 -6
143 146 0
143 144 -4
143 145 -9
143 150 4
144 147 -8
144 149 -8
144 148 5
144 146 5
144 150 2
144 145 -6
145 147 -9
145 146 -3
145 149 10
145 150 9
145 148 -10
146 150 2
146 147 -3
146 149 3
146 148 -2
147 149 -7
147 150 3
147 148 -7
148 149 -10
148 150 8
149 150 9
