150 5588 
1 55 1
1 68 1
1 83 1
1 13 1
1 8 1
1 67 1
1 91 1
1 105 1
1 109 1
1 4 1
1 90 1
1 28 1
1 53 1
1 94 1
1 127 1
1 18 1
1 76 1
1 22 1
1 49 1
1 66 1
1 123 1
1 48 1
1 126 1
1 104 1
1 117 1
1 11 1
1 14 1
1 119 1
1 43 1
1 149 1
1 35 1
1 122 1
1 148 1
1 34 1
1 29 1
1 129 1
1 145 1
1 58 1
1 81 1
1 3 1
1 38 1
1 23 1
1 133 1
1 24 1
1 141 1
1 144 1
1 130 1
1 87 1
1 124 1
1 79 1
1 62 1
1 17 1
1 52 1
1 57 1
1 101 1
1 69 1
1 106 1
1 71 1
1 10 1
1 118 1
1 6 1
1 25 1
1 70 1
1 150 1
1 72 1
1 136 1
1 143 1
1 135 1
1 2 1
1 27 1
1 75 1
1 139 1
1 108 1
2 71 1
2 80 1
2 60 1
2 132 1
2 50 1
2 110 1
2 63 1
2 68 1
2 41 1
2 103 1
2 81 1
2 118 1
2 147 1
2 20 1
2 124 1
2 73 1
2 126 1
2 107 1
2 82 1
2 65 1
2 115 1
2 102 1
2 17 1
2 56 1
2 100 1
2 149 1
2 127 1
2 120 1
2 112 1
2 32 1
2 51 1
2 66 1
2 86 1
2 69 1
2 74 1
2 76 1
2 46 1
2 93 1
2 89 1
2 91 1
2 39 1
2 99 1
2 98 1
2 5 1
2 85 1
2 137 1
2 90 1
2 7 1
2 22 1
2 14 1
2 9 1
2 133 1
2 106 1
2 143 1
2 26 1
2 64 1
2 27 1
2 123 1
2 148 1
2 31 1
2 49 1
2 72 1
2 104 1
2 38 1
2 40 1
2 29 1
2 119 1
2 42 1
2 87 1
2 15 1
2 145 1
2 94 1
2 44 1
2 97 1
2 53 1
2 150 1
2 79 1
2 84 1
2 131 1
2 109 1
2 128 1
2 34 1
2 78 1
3 75 1
3 31 1
3 124 1
3 129 1
3 144 1
3 148 1
3 150 1
3 106 1
3 104 1
3 53 1
3 107 1
3 114 1
3 44 1
3 82 1
3 27 1
3 89 1
3 119 1
3 105 1
3 91 1
3 16 1
3 139 1
3 10 1
3 34 1
3 96 1
3 22 1
3 57 1
3 88 1
3 32 1
3 99 1
3 121 1
3 62 1
3 147 1
3 138 1
3 122 1
3 77 1
3 141 1
3 92 1
3 103 1
3 54 1
3 73 1
3 39 1
3 69 1
3 102 1
3 87 1
3 26 1
3 90 1
3 28 1
3 120 1
3 8 1
3 38 1
3 43 1
3 30 1
3 21 1
3 23 1
3 126 1
3 111 1
3 55 1
3 83 1
3 41 1
3 47 1
3 79 1
3 19 1
3 85 1
3 118 1
3 63 1
3 56 1
3 71 1
3 128 1
3 4 1
3 137 1
3 65 1
3 112 1
3 40 1
3 140 1
4 57 1
4 85 1
4 73 1
4 108 1
4 46 1
4 104 1
4 118 1
4 14 1
4 103 1
4 127 1
4 123 1
4 128 1
4 27 1
4 36 1
4 95 1
4 9 1
4 81 1
4 43 1
4 68 1
4 112 1
4 76 1
4 45 1
4 77 1
4 71 1
4 41 1
4 62 1
4 13 1
4 60 1
4 7 1
4 11 1
4 91 1
4 110 1
4 142 1
4 32 1
4 47 1
4 51 1
4 28 1
4 50 1
4 16 1
4 34 1
4 117 1
4 33 1
4 53 1
4 29 1
4 58 1
4 26 1
4 132 1
4 100 1
4 134 1
4 144 1
4 52 1
4 64 1
4 10 1
4 38 1
4 141 1
4 87 1
4 92 1
4 93 1
4 101 1
4 109 1
4 150 1
4 67 1
4 55 1
4 72 1
4 74 1
4 136 1
4 56 1
4 69 1
4 54 1
4 94 1
4 146 1
5 71 1
5 142 1
5 123 1
5 97 1
5 7 1
5 127 1
5 125 1
5 23 1
5 19 1
5 56 1
5 51 1
5 55 1
5 84 1
5 45 1
5 17 1
5 130 1
5 134 1
5 107 1
5 41 1
5 110 1
5 88 1
5 6 1
5 141 1
5 104 1
5 68 1
5 129 1
5 20 1
5 58 1
5 144 1
5 29 1
5 32 1
5 148 1
5 11 1
5 101 1
5 27 1
5 22 1
5 50 1
5 34 1
5 67 1
5 77 1
5 100 1
5 62 1
5 120 1
5 64 1
5 140 1
5 48 1
5 81 1
5 39 1
5 53 1
5 113 1
5 99 1
5 133 1
5 57 1
5 82 1
5 74 1
5 83 1
5 8 1
5 66 1
5 117 1
5 60 1
5 136 1
5 95 1
5 44 1
5 85 1
5 131 1
5 122 1
5 139 1
6 137 1
6 122 1
6 76 1
6 55 1
6 18 1
6 34 1
6 28 1
6 73 1
6 69 1
6 104 1
6 96 1
6 121 1
6 74 1
6 146 1
6 14 1
6 22 1
6 20 1
6 50 1
6 45 1
6 129 1
6 70 1
6 7 1
6 56 1
6 75 1
6 147 1
6 117 1
6 31 1
6 62 1
6 27 1
6 67 1
6 23 1
6 16 1
6 142 1
6 141 1
6 63 1
6 107 1
6 135 1
6 81 1
6 32 1
6 9 1
6 102 1
6 105 1
6 15 1
6 113 1
6 124 1
6 116 1
6 92 1
6 78 1
6 19 1
6 82 1
6 131 1
6 95 1
6 48 1
6 83 1
6 103 1
6 88 1
6 94 1
6 144 1
6 49 1
6 17 1
6 47 1
6 140 1
6 46 1
6 42 1
6 35 1
6 44 1
6 37 1
6 101 1
6 108 1
6 72 1
6 53 1
6 77 1
6 10 1
6 25 1
6 39 1
6 66 1
6 89 1
6 138 1
6 120 1
6 133 1
6 12 1
6 65 1
6 71 1
6 149 1
7 54 1
7 128 1
7 77 1
7 93 1
7 48 1
7 148 1
7 16 1
7 92 1
7 134 1
7 73 1
7 36 1
7 44 1
7 112 1
7 30 1
7 91 1
7 108 1
7 124 1
7 125 1
7 45 1
7 38 1
7 31 1
7 46 1
7 8 1
7 81 1
7 18 1
7 26 1
7 116 1
7 20 1
7 19 1
7 140 1
7 71 1
7 89 1
7 122 1
7 22 1
7 143 1
7 28 1
7 32 1
7 120 1
7 121 1
7 60 1
7 39 1
7 119 1
7 131 1
7 103 1
7 47 1
7 78 1
7 57 1
7 83 1
7 147 1
7 76 1
7 49 1
7 136 1
7 65 1
7 95 1
7 99 1
7 59 1
7 137 1
7 62 1
7 52 1
7 82 1
7 102 1
7 10 1
7 75 1
7 40 1
7 105 1
7 114 1
7 104 1
7 106 1
7 69 1
7 146 1
7 33 1
8 105 1
8 44 1
8 83 1
8 70 1
8 71 1
8 46 1
8 27 1
8 122 1
8 95 1
8 147 1
8 49 1
8 80 1
8 131 1
8 150 1
8 64 1
8 17 1
8 143 1
8 47 1
8 16 1
8 68 1
8 23 1
8 54 1
8 63 1
8 24 1
8 32 1
8 118 1
8 84 1
8 115 1
8 91 1
8 112 1
8 87 1
8 50 1
8 137 1
8 116 1
8 140 1
8 75 1
8 85 1
8 93 1
8 39 1
8 36 1
8 138 1
8 102 1
8 42 1
8 113 1
8 67 1
8 33 1
8 89 1
8 58 1
8 136 1
8 74 1
8 12 1
8 100 1
8 56 1
8 127 1
8 53 1
8 88 1
8 141 1
8 52 1
8 51 1
8 55 1
8 96 1
8 97 1
8 90 1
8 9 1
8 62 1
8 38 1
8 25 1
8 79 1
8 30 1
8 133 1
8 130 1
9 110 1
9 112 1
9 57 1
9 146 1
9 43 1
9 144 1
9 79 1
9 133 1
9 49 1
9 124 1
9 108 1
9 78 1
9 89 1
9 141 1
9 147 1
9 37 1
9 45 1
9 41 1
9 149 1
9 62 1
9 114 1
9 67 1
9 28 1
9 102 1
9 132 1
9 11 1
9 29 1
9 20 1
9 68 1
9 54 1
9 150 1
9 50 1
9 56 1
9 109 1
9 17 1
9 118 1
9 120 1
9 18 1
9 107 1
9 130 1
9 44 1
9 53 1
9 23 1
9 14 1
9 95 1
9 94 1
9 30 1
9 58 1
9 60 1
9 34 1
9 40 1
9 91 1
9 33 1
9 61 1
9 84 1
9 35 1
9 137 1
9 87 1
9 134 1
9 48 1
9 36 1
9 88 1
9 85 1
9 93 1
9 12 1
9 106 1
9 101 1
10 144 1
10 120 1
10 13 1
10 62 1
10 95 1
10 127 1
10 49 1
10 136 1
10 100 1
10 33 1
10 101 1
10 147 1
10 75 1
10 79 1
10 54 1
10 15 1
10 29 1
10 63 1
10 51 1
10 84 1
10 39 1
10 14 1
10 61 1
10 16 1
10 47 1
10 115 1
10 116 1
10 20 1
10 68 1
10 97 1
10 53 1
10 125 1
10 19 1
10 108 1
10 123 1
10 45 1
10 103 1
10 67 1
10 113 1
10 36 1
10 130 1
10 12 1
10 38 1
10 89 1
10 50 1
10 143 1
10 150 1
10 78 1
10 128 1
10 32 1
10 25 1
10 56 1
10 23 1
10 76 1
10 55 1
10 40 1
10 110 1
10 42 1
10 43 1
10 142 1
10 35 1
10 24 1
10 105 1
10 112 1
10 31 1
11 104 1
11 114 1
11 63 1
11 54 1
11 42 1
11 28 1
11 129 1
11 127 1
11 140 1
11 135 1
11 115 1
11 147 1
11 48 1
11 121 1
11 106 1
11 20 1
11 46 1
11 15 1
11 16 1
11 66 1
11 124 1
11 23 1
11 12 1
11 40 1
11 149 1
11 79 1
11 144 1
11 85 1
11 96 1
11 105 1
11 55 1
11 111 1
11 74 1
11 142 1
11 88 1
11 91 1
11 71 1
11 73 1
11 122 1
11 17 1
11 84 1
11 62 1
11 133 1
11 123 1
11 132 1
11 45 1
11 24 1
11 27 1
11 25 1
11 90 1
11 103 1
11 39 1
11 119 1
11 76 1
11 31 1
11 29 1
11 143 1
11 82 1
11 116 1
11 145 1
11 138 1
11 78 1
11 13 1
11 47 1
11 86 1
11 14 1
11 113 1
11 50 1
11 75 1
11 146 1
11 95 1
11 134 1
11 65 1
11 21 1
11 38 1
11 18 1
12 30 1
12 102 1
12 119 1
12 52 1
12 145 1
12 64 1
12 108 1
12 123 1
12 58 1
12 48 1
12 19 1
12 34 1
12 85 1
12 95 1
12 61 1
12 117 1
12 77 1
12 144 1
12 60 1
12 73 1
12 72 1
12 105 1
12 118 1
12 59 1
12 75 1
12 80 1
12 24 1
12 88 1
12 83 1
12 27 1
12 138 1
12 142 1
12 127 1
12 90 1
12 47 1
12 63 1
12 54 1
12 115 1
12 133 1
12 38 1
12 139 1
12 44 1
12 32 1
12 23 1
12 112 1
12 26 1
12 84 1
12 125 1
12 126 1
12 107 1
12 22 1
12 15 1
12 147 1
12 82 1
12 148 1
12 18 1
12 93 1
12 20 1
12 137 1
12 129 1
12 87 1
12 57 1
12 131 1
12 135 1
12 103 1
12 43 1
13 148 1
13 149 1
13 127 1
13 120 1
13 103 1
13 38 1
13 34 1
13 133 1
13 100 1
13 142 1
13 33 1
13 31 1
13 20 1
13 62 1
13 63 1
13 56 1
13 105 1
13 121 1
13 68 1
13 146 1
13 109 1
13 84 1
13 27 1
13 22 1
13 70 1
13 123 1
13 79 1
13 29 1
13 93 1
13 112 1
13 117 1
13 52 1
13 104 1
13 77 1
13 69 1
13 55 1
13 97 1
13 92 1
13 26 1
13 81 1
13 75 1
13 28 1
13 124 1
13 106 1
13 41 1
13 143 1
13 37 1
13 35 1
13 140 1
13 44 1
13 119 1
13 58 1
13 24 1
13 110 1
13 80 1
13 49 1
13 125 1
13 43 1
13 54 1
13 36 1
13 53 1
13 14 1
13 32 1
13 66 1
13 83 1
13 82 1
13 130 1
13 25 1
13 134 1
13 126 1
13 74 1
13 108 1
13 122 1
13 50 1
13 42 1
13 57 1
13 21 1
14 117 1
14 101 1
14 125 1
14 111 1
14 132 1
14 87 1
14 32 1
14 123 1
14 21 1
14 25 1
14 27 1
14 22 1
14 141 1
14 97 1
14 105 1
14 144 1
14 129 1
14 56 1
14 85 1
14 58 1
14 116 1
14 150 1
14 114 1
14 20 1
14 88 1
14 127 1
14 70 1
14 93 1
14 138 1
14 124 1
14 82 1
14 48 1
14 95 1
14 67 1
14 103 1
14 126 1
14 51 1
14 139 1
14 59 1
14 73 1
14 106 1
14 66 1
14 26 1
14 79 1
14 96 1
14 109 1
14 31 1
14 118 1
14 60 1
14 72 1
14 61 1
14 38 1
14 19 1
14 86 1
14 128 1
14 92 1
14 23 1
14 131 1
14 44 1
14 63 1
14 18 1
14 98 1
14 135 1
14 17 1
14 71 1
14 83 1
14 34 1
14 35 1
14 84 1
14 90 1
14 62 1
15 150 1
15 128 1
15 68 1
15 121 1
15 119 1
15 79 1
15 69 1
15 20 1
15 23 1
15 109 1
15 136 1
15 65 1
15 87 1
15 91 1
15 114 1
15 127 1
15 30 1
15 77 1
15 67 1
15 80 1
15 34 1
15 24 1
15 144 1
15 102 1
15 139 1
15 38 1
15 58 1
15 118 1
15 103 1
15 42 1
15 82 1
15 137 1
15 83 1
15 140 1
15 61 1
15 66 1
15 112 1
15 71 1
15 19 1
15 37 1
15 73 1
15 27 1
15 86 1
15 117 1
15 146 1
15 53 1
15 43 1
15 63 1
15 84 1
15 113 1
15 89 1
15 107 1
15 36 1
15 116 1
15 74 1
15 56 1
15 95 1
15 138 1
15 70 1
15 143 1
15 55 1
15 25 1
15 122 1
15 62 1
15 123 1
15 32 1
15 141 1
16 88 1
16 85 1
16 26 1
16 130 1
16 60 1
16 20 1
16 133 1
16 19 1
16 66 1
16 67 1
16 24 1
16 119 1
16 145 1
16 33 1
16 127 1
16 75 1
16 40 1
16 78 1
16 122 1
16 80 1
16 51 1
16 90 1
16 103 1
16 96 1
16 131 1
16 100 1
16 37 1
16 137 1
16 61 1
16 115 1
16 148 1
16 149 1
16 146 1
16 65 1
16 142 1
16 136 1
16 93 1
16 111 1
16 32 1
16 56 1
16 83 1
16 35 1
16 74 1
16 41 1
16 44 1
16 30 1
16 72 1
16 140 1
16 95 1
16 92 1
16 124 1
16 102 1
16 109 1
16 49 1
16 87 1
16 106 1
16 63 1
16 58 1
16 138 1
16 105 1
16 89 1
16 31 1
16 59 1
16 143 1
16 22 1
17 137 1
17 104 1
17 120 1
17 112 1
17 87 1
17 77 1
17 23 1
17 121 1
17 129 1
17 46 1
17 109 1
17 110 1
17 97 1
17 86 1
17 124 1
17 54 1
17 122 1
17 115 1
17 26 1
17 101 1
17 35 1
17 61 1
17 107 1
17 140 1
17 146 1
17 53 1
17 33 1
17 58 1
17 143 1
17 22 1
17 91 1
17 39 1
17 147 1
17 85 1
17 42 1
17 113 1
17 37 1
17 38 1
17 117 1
17 111 1
17 135 1
17 57 1
17 62 1
17 123 1
17 75 1
17 59 1
17 99 1
17 138 1
17 81 1
17 131 1
17 32 1
17 43 1
17 89 1
17 105 1
17 80 1
17 25 1
17 82 1
17 142 1
17 136 1
17 148 1
17 48 1
18 39 1
18 105 1
18 67 1
18 58 1
18 135 1
18 37 1
18 123 1
18 87 1
18 50 1
18 130 1
18 46 1
18 48 1
18 29 1
18 147 1
18 112 1
18 91 1
18 66 1
18 106 1
18 117 1
18 44 1
18 114 1
18 103 1
18 34 1
18 41 1
18 137 1
18 96 1
18 40 1
18 148 1
18 122 1
18 101 1
18 120 1
18 24 1
18 142 1
18 138 1
18 30 1
18 59 1
18 51 1
18 93 1
18 127 1
18 27 1
18 54 1
18 128 1
18 90 1
18 94 1
18 75 1
18 52 1
18 69 1
18 76 1
18 53 1
18 42 1
18 83 1
18 79 1
18 150 1
18 115 1
18 144 1
18 85 1
18 62 1
18 55 1
18 77 1
18 26 1
18 134 1
18 119 1
18 86 1
19 135 1
19 115 1
19 48 1
19 122 1
19 30 1
19 128 1
19 97 1
19 46 1
19 67 1
19 105 1
19 27 1
19 103 1
19 124 1
19 66 1
19 123 1
19 69 1
19 119 1
19 68 1
19 26 1
19 132 1
19 47 1
19 131 1
19 117 1
19 29 1
19 63 1
19 99 1
19 36 1
19 89 1
19 116 1
19 134 1
19 96 1
19 149 1
19 130 1
19 50 1
19 100 1
19 126 1
19 106 1
19 55 1
19 77 1
19 114 1
19 110 1
19 94 1
19 147 1
19 83 1
19 65 1
19 72 1
19 42 1
19 109 1
19 98 1
19 107 1
19 70 1
19 85 1
19 125 1
19 25 1
19 28 1
19 91 1
19 113 1
19 23 1
19 33 1
19 58 1
19 43 1
19 44 1
19 60 1
19 41 1
19 136 1
19 74 1
19 127 1
20 115 1
20 69 1
20 51 1
20 121 1
20 41 1
20 111 1
20 81 1
20 95 1
20 59 1
20 92 1
20 137 1
20 128 1
20 55 1
20 134 1
20 71 1
20 65 1
20 24 1
20 145 1
20 25 1
20 62 1
20 63 1
20 79 1
20 112 1
20 88 1
20 132 1
20 21 1
20 36 1
20 28 1
20 33 1
20 52 1
20 99 1
20 85 1
20 47 1
20 84 1
20 42 1
20 149 1
20 124 1
20 26 1
20 150 1
20 130 1
20 68 1
20 44 1
20 125 1
20 60 1
20 61 1
20 94 1
20 117 1
20 148 1
20 48 1
20 97 1
20 146 1
20 90 1
20 64 1
20 101 1
20 22 1
20 27 1
20 54 1
20 147 1
20 139 1
20 43 1
20 76 1
20 114 1
20 100 1
20 40 1
20 118 1
20 66 1
20 31 1
20 98 1
20 93 1
20 91 1
21 150 1
21 141 1
21 117 1
21 44 1
21 71 1
21 73 1
21 94 1
21 45 1
21 67 1
21 68 1
21 112 1
21 118 1
21 124 1
21 106 1
21 31 1
21 62 1
21 133 1
21 46 1
21 92 1
21 61 1
21 123 1
21 38 1
21 143 1
21 80 1
21 129 1
21 36 1
21 34 1
21 28 1
21 56 1
21 50 1
21 127 1
21 77 1
21 95 1
21 91 1
21 104 1
21 134 1
21 42 1
21 75 1
21 22 1
21 119 1
21 52 1
21 29 1
21 111 1
21 25 1
21 102 1
21 122 1
21 63 1
21 120 1
21 49 1
21 107 1
21 66 1
21 93 1
21 87 1
21 96 1
21 47 1
21 59 1
21 131 1
21 83 1
21 97 1
21 98 1
21 115 1
21 54 1
21 55 1
21 128 1
21 72 1
22 93 1
22 91 1
22 77 1
22 85 1
22 124 1
22 109 1
22 57 1
22 90 1
22 40 1
22 114 1
22 111 1
22 78 1
22 28 1
22 118 1
22 101 1
22 145 1
22 76 1
22 107 1
22 43 1
22 116 1
22 95 1
22 127 1
22 65 1
22 86 1
22 113 1
22 149 1
22 146 1
22 110 1
22 79 1
22 39 1
22 45 1
22 88 1
22 68 1
22 144 1
22 47 1
22 131 1
22 75 1
22 94 1
22 137 1
22 97 1
22 23 1
22 120 1
22 60 1
22 104 1
22 67 1
22 62 1
22 58 1
22 59 1
22 103 1
22 117 1
22 55 1
22 142 1
22 140 1
22 44 1
22 70 1
22 27 1
22 102 1
22 112 1
22 126 1
22 150 1
22 121 1
22 108 1
22 66 1
23 46 1
23 137 1
23 28 1
23 93 1
23 80 1
23 59 1
23 142 1
23 116 1
23 69 1
23 103 1
23 91 1
23 58 1
23 89 1
23 41 1
23 67 1
23 31 1
23 60 1
23 65 1
23 138 1
23 77 1
23 72 1
23 85 1
23 140 1
23 132 1
23 48 1
23 49 1
23 52 1
23 40 1
23 45 1
23 35 1
23 79 1
23 24 1
23 68 1
23 32 1
23 25 1
23 96 1
23 57 1
23 73 1
23 114 1
23 29 1
23 27 1
23 144 1
23 100 1
23 131 1
23 127 1
23 90 1
23 125 1
23 128 1
23 86 1
23 82 1
23 122 1
23 81 1
23 37 1
23 136 1
23 148 1
23 33 1
23 99 1
23 87 1
23 109 1
23 105 1
23 145 1
23 74 1
23 66 1
23 61 1
23 135 1
23 94 1
23 146 1
23 38 1
23 36 1
23 147 1
23 120 1
24 49 1
24 116 1
24 147 1
24 132 1
24 110 1
24 44 1
24 39 1
24 33 1
24 70 1
24 53 1
24 118 1
24 122 1
24 96 1
24 84 1
24 91 1
24 140 1
24 115 1
24 112 1
24 38 1
24 73 1
24 143 1
24 60 1
24 102 1
24 135 1
24 47 1
24 67 1
24 119 1
24 120 1
24 108 1
24 76 1
24 35 1
24 52 1
24 98 1
24 57 1
24 62 1
24 150 1
24 104 1
24 148 1
24 26 1
24 43 1
24 109 1
24 59 1
24 124 1
24 81 1
24 85 1
24 126 1
24 111 1
24 75 1
24 30 1
24 129 1
24 54 1
24 25 1
24 56 1
24 51 1
24 145 1
24 94 1
24 42 1
24 72 1
24 144 1
24 50 1
24 64 1
25 38 1
25 43 1
25 111 1
25 134 1
25 141 1
25 74 1
25 96 1
25 130 1
25 48 1
25 54 1
25 90 1
25 124 1
25 95 1
25 139 1
25 107 1
25 36 1
25 116 1
25 51 1
25 137 1
25 106 1
25 47 1
25 50 1
25 142 1
25 29 1
25 131 1
25 63 1
25 101 1
25 135 1
25 33 1
25 45 1
25 110 1
25 40 1
25 75 1
25 84 1
25 49 1
25 42 1
25 55 1
25 83 1
25 35 1
25 76 1
25 30 1
25 60 1
25 109 1
25 112 1
25 99 1
25 123 1
25 129 1
25 120 1
25 119 1
25 128 1
25 67 1
25 136 1
25 41 1
25 65 1
25 102 1
25 71 1
25 34 1
25 150 1
25 79 1
26 40 1
26 117 1
26 97 1
26 95 1
26 33 1
26 43 1
26 139 1
26 48 1
26 147 1
26 112 1
26 76 1
26 68 1
26 63 1
26 47 1
26 138 1
26 82 1
26 27 1
26 120 1
26 110 1
26 115 1
26 69 1
26 140 1
26 148 1
26 35 1
26 53 1
26 124 1
26 80 1
26 92 1
26 77 1
26 74 1
26 145 1
26 71 1
26 150 1
26 108 1
26 65 1
26 142 1
26 34 1
26 39 1
26 131 1
26 85 1
26 113 1
26 28 1
26 59 1
26 57 1
26 105 1
26 31 1
26 107 1
26 86 1
26 67 1
26 36 1
26 61 1
26 98 1
26 60 1
26 42 1
26 66 1
26 149 1
26 58 1
27 58 1
27 138 1
27 110 1
27 73 1
27 71 1
27 46 1
27 93 1
27 59 1
27 81 1
27 111 1
27 80 1
27 85 1
27 113 1
27 38 1
27 131 1
27 37 1
27 90 1
27 109 1
27 105 1
27 144 1
27 32 1
27 36 1
27 69 1
27 125 1
27 35 1
27 39 1
27 82 1
27 142 1
27 139 1
27 94 1
27 146 1
27 30 1
27 135 1
27 116 1
27 49 1
27 106 1
27 119 1
27 95 1
27 78 1
27 127 1
27 147 1
27 122 1
27 150 1
27 89 1
27 114 1
27 29 1
27 99 1
27 129 1
27 41 1
27 112 1
27 77 1
27 34 1
27 47 1
27 92 1
27 123 1
27 51 1
27 128 1
27 101 1
27 145 1
27 117 1
27 40 1
27 134 1
27 108 1
27 121 1
27 61 1
27 136 1
27 132 1
27 98 1
28 111 1
28 38 1
28 104 1
28 127 1
28 79 1
28 114 1
28 31 1
28 61 1
28 90 1
28 138 1
28 93 1
28 57 1
28 141 1
28 77 1
28 103 1
28 136 1
28 95 1
28 112 1
28 120 1
28 144 1
28 50 1
28 85 1
28 70 1
28 81 1
28 67 1
28 36 1
28 109 1
28 146 1
28 129 1
28 126 1
28 116 1
28 78 1
28 65 1
28 101 1
28 110 1
28 40 1
28 63 1
28 37 1
28 88 1
28 46 1
28 132 1
28 52 1
28 44 1
28 56 1
28 73 1
28 125 1
28 118 1
28 53 1
28 121 1
28 145 1
28 76 1
28 96 1
28 34 1
28 119 1
28 64 1
28 30 1
28 55 1
28 39 1
28 133 1
28 115 1
28 35 1
28 54 1
29 74 1
29 104 1
29 98 1
29 141 1
29 145 1
29 137 1
29 53 1
29 50 1
29 105 1
29 82 1
29 63 1
29 68 1
29 54 1
29 110 1
29 108 1
29 38 1
29 111 1
29 123 1
29 67 1
29 37 1
29 96 1
29 125 1
29 150 1
29 90 1
29 43 1
29 32 1
29 42 1
29 76 1
29 77 1
29 71 1
29 86 1
29 113 1
29 39 1
29 69 1
29 124 1
29 138 1
29 144 1
29 78 1
29 135 1
29 45 1
29 36 1
29 84 1
29 112 1
29 61 1
29 149 1
29 49 1
29 46 1
29 129 1
29 91 1
29 93 1
29 119 1
29 99 1
29 132 1
30 118 1
30 41 1
30 98 1
30 84 1
30 44 1
30 36 1
30 114 1
30 80 1
30 34 1
30 110 1
30 97 1
30 60 1
30 113 1
30 147 1
30 109 1
30 53 1
30 39 1
30 32 1
30 87 1
30 90 1
30 116 1
30 63 1
30 37 1
30 145 1
30 31 1
30 50 1
30 58 1
30 85 1
30 75 1
30 105 1
30 38 1
30 82 1
30 130 1
30 48 1
30 52 1
30 94 1
30 122 1
30 123 1
30 51 1
30 55 1
30 81 1
30 108 1
30 65 1
30 127 1
30 135 1
30 46 1
30 121 1
30 124 1
30 150 1
30 148 1
30 61 1
30 83 1
30 67 1
30 91 1
30 106 1
30 132 1
31 102 1
31 69 1
31 56 1
31 94 1
31 88 1
31 46 1
31 146 1
31 87 1
31 71 1
31 105 1
31 57 1
31 45 1
31 98 1
31 128 1
31 83 1
31 61 1
31 101 1
31 51 1
31 75 1
31 74 1
31 117 1
31 58 1
31 126 1
31 143 1
31 64 1
31 35 1
31 114 1
31 36 1
31 106 1
31 62 1
31 112 1
31 103 1
31 73 1
31 104 1
31 60 1
31 116 1
31 90 1
31 84 1
31 107 1
31 32 1
31 54 1
31 80 1
31 119 1
31 140 1
31 34 1
31 37 1
31 89 1
31 136 1
31 120 1
31 44 1
31 78 1
31 148 1
31 121 1
31 68 1
31 110 1
31 130 1
31 67 1
31 42 1
31 86 1
31 33 1
31 141 1
31 100 1
31 132 1
31 55 1
31 109 1
31 111 1
32 125 1
32 44 1
32 55 1
32 129 1
32 117 1
32 35 1
32 53 1
32 34 1
32 112 1
32 99 1
32 144 1
32 36 1
32 78 1
32 67 1
32 109 1
32 89 1
32 42 1
32 50 1
32 39 1
32 126 1
32 148 1
32 121 1
32 73 1
32 85 1
32 136 1
32 115 1
32 140 1
32 51 1
32 123 1
32 52 1
32 98 1
32 48 1
32 95 1
32 149 1
32 100 1
32 38 1
32 63 1
32 132 1
32 96 1
32 81 1
32 59 1
32 108 1
32 139 1
32 71 1
32 114 1
32 74 1
32 60 1
32 90 1
32 62 1
32 70 1
32 72 1
32 102 1
32 37 1
32 93 1
32 110 1
32 47 1
32 116 1
32 131 1
32 69 1
32 58 1
32 45 1
32 141 1
32 119 1
32 49 1
33 125 1
33 137 1
33 95 1
33 40 1
33 51 1
33 81 1
33 103 1
33 121 1
33 87 1
33 98 1
33 50 1
33 133 1
33 84 1
33 129 1
33 108 1
33 79 1
33 61 1
33 80 1
33 141 1
33 57 1
33 100 1
33 136 1
33 68 1
33 145 1
33 46 1
33 35 1
33 117 1
33 107 1
33 123 1
33 36 1
33 75 1
33 115 1
33 67 1
33 143 1
33 127 1
33 126 1
33 59 1
33 70 1
33 77 1
33 109 1
33 41 1
33 134 1
33 85 1
33 146 1
33 128 1
33 45 1
33 88 1
33 54 1
33 149 1
33 97 1
33 37 1
33 47 1
33 101 1
33 148 1
33 111 1
33 150 1
33 42 1
33 58 1
33 62 1
33 90 1
34 105 1
34 101 1
34 142 1
34 42 1
34 92 1
34 131 1
34 146 1
34 121 1
34 116 1
34 75 1
34 51 1
34 72 1
34 55 1
34 140 1
34 39 1
34 73 1
34 93 1
34 80 1
34 147 1
34 134 1
34 148 1
34 108 1
34 87 1
34 91 1
34 112 1
34 71 1
34 83 1
34 139 1
34 111 1
34 44 1
34 68 1
34 62 1
34 86 1
34 85 1
34 126 1
34 59 1
34 90 1
34 79 1
34 130 1
34 123 1
34 48 1
34 98 1
34 133 1
34 138 1
34 52 1
34 106 1
34 110 1
34 94 1
34 143 1
34 113 1
34 119 1
34 77 1
35 115 1
35 60 1
35 91 1
35 109 1
35 58 1
35 99 1
35 136 1
35 46 1
35 127 1
35 101 1
35 106 1
35 110 1
35 61 1
35 98 1
35 87 1
35 90 1
35 44 1
35 83 1
35 134 1
35 97 1
35 103 1
35 77 1
35 40 1
35 150 1
35 128 1
35 132 1
35 62 1
35 141 1
35 36 1
35 57 1
35 75 1
35 64 1
35 139 1
35 105 1
35 130 1
35 112 1
35 126 1
35 86 1
35 63 1
35 122 1
35 49 1
35 50 1
35 120 1
35 47 1
35 41 1
35 52 1
35 95 1
35 117 1
35 144 1
36 93 1
36 62 1
36 135 1
36 124 1
36 130 1
36 70 1
36 59 1
36 120 1
36 129 1
36 82 1
36 78 1
36 128 1
36 91 1
36 94 1
36 149 1
36 46 1
36 49 1
36 138 1
36 126 1
36 38 1
36 58 1
36 48 1
36 144 1
36 105 1
36 145 1
36 89 1
36 113 1
36 146 1
36 116 1
36 65 1
36 136 1
36 106 1
36 103 1
36 122 1
36 131 1
36 97 1
36 50 1
36 37 1
36 132 1
36 134 1
36 47 1
36 80 1
36 101 1
36 73 1
36 72 1
36 133 1
36 147 1
36 142 1
36 81 1
36 69 1
36 66 1
36 148 1
36 107 1
36 43 1
36 139 1
36 52 1
36 79 1
36 121 1
37 128 1
37 59 1
37 70 1
37 55 1
37 98 1
37 115 1
37 143 1
37 66 1
37 57 1
37 72 1
37 134 1
37 76 1
37 61 1
37 42 1
37 103 1
37 139 1
37 83 1
37 80 1
37 148 1
37 38 1
37 41 1
37 63 1
37 53 1
37 132 1
37 150 1
37 111 1
37 135 1
37 123 1
37 90 1
37 48 1
37 124 1
37 146 1
37 149 1
37 60 1
37 44 1
37 49 1
37 85 1
37 109 1
37 129 1
37 137 1
37 106 1
37 89 1
37 77 1
37 58 1
37 91 1
37 45 1
37 142 1
37 92 1
37 114 1
37 82 1
37 52 1
37 107 1
37 131 1
37 65 1
37 87 1
38 121 1
38 79 1
38 96 1
38 146 1
38 40 1
38 145 1
38 56 1
38 111 1
38 39 1
38 104 1
38 102 1
38 41 1
38 63 1
38 95 1
38 136 1
38 89 1
38 101 1
38 49 1
38 123 1
38 133 1
38 116 1
38 76 1
38 61 1
38 46 1
38 69 1
38 78 1
38 128 1
38 86 1
38 148 1
38 93 1
38 64 1
38 48 1
38 92 1
38 137 1
38 127 1
38 57 1
38 124 1
38 55 1
38 60 1
38 130 1
38 114 1
38 135 1
38 74 1
38 53 1
38 80 1
38 100 1
38 110 1
38 138 1
38 51 1
38 142 1
38 139 1
38 88 1
38 126 1
38 150 1
38 140 1
39 148 1
39 65 1
39 117 1
39 127 1
39 67 1
39 59 1
39 110 1
39 50 1
39 72 1
39 43 1
39 123 1
39 95 1
39 98 1
39 89 1
39 118 1
39 137 1
39 79 1
39 99 1
39 130 1
39 134 1
39 96 1
39 126 1
39 42 1
39 101 1
39 93 1
39 75 1
39 147 1
39 48 1
39 136 1
39 68 1
39 90 1
39 85 1
39 74 1
39 131 1
39 73 1
39 144 1
39 66 1
39 133 1
39 109 1
39 122 1
39 41 1
39 132 1
39 86 1
39 78 1
39 139 1
39 44 1
39 83 1
39 97 1
39 57 1
39 71 1
39 84 1
39 124 1
39 146 1
39 119 1
39 64 1
39 51 1
39 107 1
39 76 1
40 66 1
40 47 1
40 96 1
40 137 1
40 45 1
40 123 1
40 80 1
40 43 1
40 50 1
40 149 1
40 53 1
40 94 1
40 97 1
40 54 1
40 105 1
40 79 1
40 74 1
40 128 1
40 116 1
40 117 1
40 41 1
40 73 1
40 46 1
40 63 1
40 109 1
40 103 1
40 60 1
40 93 1
40 91 1
40 135 1
40 44 1
40 68 1
40 101 1
40 67 1
40 92 1
40 51 1
40 113 1
40 140 1
40 114 1
40 104 1
40 112 1
40 55 1
40 106 1
40 65 1
40 129 1
40 126 1
40 119 1
40 42 1
40 124 1
40 85 1
40 134 1
40 76 1
40 72 1
40 136 1
40 82 1
40 131 1
41 85 1
41 133 1
41 130 1
41 131 1
41 145 1
41 122 1
41 150 1
41 143 1
41 54 1
41 47 1
41 113 1
41 89 1
41 71 1
41 72 1
41 126 1
41 51 1
41 93 1
41 66 1
41 67 1
41 52 1
41 79 1
41 50 1
41 92 1
41 139 1
41 62 1
41 88 1
41 138 1
41 127 1
41 121 1
41 43 1
41 73 1
41 132 1
41 63 1
41 46 1
41 57 1
41 116 1
41 87 1
41 144 1
41 119 1
41 81 1
41 118 1
41 112 1
41 82 1
41 135 1
41 148 1
41 114 1
41 123 1
41 83 1
41 115 1
41 108 1
41 142 1
41 65 1
41 76 1
41 136 1
42 130 1
42 132 1
42 122 1
42 135 1
42 72 1
42 58 1
42 76 1
42 133 1
42 64 1
42 94 1
42 83 1
42 62 1
42 128 1
42 138 1
42 51 1
42 148 1
42 108 1
42 79 1
42 73 1
42 92 1
42 141 1
42 60 1
42 53 1
42 50 1
42 49 1
42 116 1
42 75 1
42 144 1
42 105 1
42 44 1
42 67 1
42 43 1
42 97 1
42 98 1
42 139 1
42 91 1
42 143 1
42 145 1
42 80 1
42 68 1
42 134 1
42 150 1
42 109 1
42 78 1
42 120 1
42 115 1
42 54 1
42 66 1
42 126 1
42 107 1
42 131 1
42 88 1
42 81 1
42 82 1
42 63 1
42 96 1
42 114 1
43 52 1
43 114 1
43 146 1
43 104 1
43 102 1
43 135 1
43 87 1
43 67 1
43 50 1
43 71 1
43 134 1
43 112 1
43 57 1
43 75 1
43 85 1
43 136 1
43 94 1
43 110 1
43 142 1
43 145 1
43 49 1
43 44 1
43 125 1
43 95 1
43 74 1
43 56 1
43 105 1
43 70 1
43 111 1
43 51 1
43 83 1
43 139 1
43 140 1
43 119 1
43 98 1
43 46 1
43 60 1
43 63 1
43 53 1
43 147 1
43 109 1
43 77 1
43 150 1
43 100 1
43 64 1
43 93 1
43 101 1
43 127 1
43 81 1
43 115 1
43 73 1
43 133 1
43 117 1
43 123 1
43 96 1
43 121 1
43 132 1
43 129 1
44 66 1
44 114 1
44 96 1
44 148 1
44 141 1
44 139 1
44 59 1
44 80 1
44 133 1
44 131 1
44 125 1
44 100 1
44 122 1
44 49 1
44 145 1
44 62 1
44 126 1
44 108 1
44 94 1
44 120 1
44 127 1
44 79 1
44 128 1
44 54 1
44 143 1
44 130 1
44 105 1
44 142 1
44 48 1
44 103 1
44 136 1
44 115 1
44 87 1
44 83 1
44 150 1
44 65 1
44 123 1
44 140 1
44 95 1
44 70 1
44 68 1
44 113 1
44 51 1
44 45 1
44 69 1
44 121 1
44 73 1
44 91 1
44 47 1
44 50 1
45 108 1
45 131 1
45 129 1
45 150 1
45 109 1
45 64 1
45 83 1
45 117 1
45 130 1
45 52 1
45 46 1
45 141 1
45 84 1
45 142 1
45 140 1
45 85 1
45 133 1
45 106 1
45 63 1
45 89 1
45 48 1
45 95 1
45 93 1
45 134 1
45 59 1
45 113 1
45 114 1
45 80 1
45 143 1
45 50 1
45 145 1
45 119 1
45 72 1
45 69 1
45 135 1
45 54 1
45 124 1
45 62 1
45 75 1
45 128 1
45 104 1
45 49 1
45 148 1
45 116 1
45 139 1
45 78 1
45 76 1
45 118 1
45 60 1
46 57 1
46 91 1
46 100 1
46 126 1
46 92 1
46 135 1
46 52 1
46 138 1
46 50 1
46 77 1
46 81 1
46 119 1
46 85 1
46 64 1
46 72 1
46 134 1
46 111 1
46 114 1
46 84 1
46 93 1
46 101 1
46 82 1
46 149 1
46 90 1
46 146 1
46 130 1
46 68 1
46 115 1
46 60 1
46 120 1
46 73 1
46 62 1
46 143 1
46 132 1
46 89 1
46 109 1
46 63 1
46 99 1
46 118 1
46 76 1
46 150 1
46 51 1
46 75 1
46 108 1
46 110 1
46 123 1
46 144 1
46 71 1
46 67 1
46 106 1
46 136 1
46 125 1
46 61 1
46 95 1
46 55 1
46 80 1
46 117 1
46 56 1
46 112 1
47 130 1
47 52 1
47 53 1
47 86 1
47 55 1
47 143 1
47 91 1
47 100 1
47 58 1
47 135 1
47 88 1
47 122 1
47 119 1
47 54 1
47 116 1
47 80 1
47 48 1
47 139 1
47 149 1
47 73 1
47 70 1
47 77 1
47 63 1
47 94 1
47 105 1
47 137 1
47 125 1
47 104 1
47 50 1
47 138 1
47 51 1
47 150 1
47 71 1
47 144 1
47 59 1
47 65 1
47 99 1
47 111 1
47 118 1
47 146 1
47 106 1
47 108 1
47 69 1
47 92 1
47 60 1
47 85 1
47 124 1
47 112 1
47 67 1
48 147 1
48 96 1
48 109 1
48 89 1
48 66 1
48 81 1
48 134 1
48 105 1
48 79 1
48 136 1
48 126 1
48 141 1
48 61 1
48 54 1
48 111 1
48 58 1
48 53 1
48 59 1
48 87 1
48 68 1
48 83 1
48 129 1
48 146 1
48 115 1
48 63 1
48 119 1
48 132 1
48 107 1
48 60 1
48 133 1
48 75 1
48 120 1
48 142 1
48 113 1
48 74 1
48 94 1
48 100 1
48 104 1
48 149 1
48 73 1
48 62 1
48 56 1
48 150 1
48 49 1
48 98 1
48 143 1
48 140 1
48 82 1
48 50 1
48 80 1
48 139 1
48 110 1
48 86 1
48 116 1
48 108 1
48 148 1
48 112 1
48 69 1
49 58 1
49 71 1
49 101 1
49 116 1
49 53 1
49 137 1
49 124 1
49 59 1
49 121 1
49 133 1
49 132 1
49 108 1
49 56 1
49 113 1
49 93 1
49 135 1
49 81 1
49 139 1
49 107 1
49 65 1
49 149 1
49 92 1
49 117 1
49 114 1
49 91 1
49 127 1
49 140 1
49 68 1
49 111 1
49 50 1
49 64 1
49 110 1
49 74 1
49 115 1
49 75 1
49 72 1
49 130 1
49 150 1
49 89 1
49 90 1
49 112 1
49 84 1
49 122 1
49 87 1
49 142 1
49 141 1
49 144 1
49 73 1
49 54 1
49 83 1
49 148 1
50 81 1
50 58 1
50 130 1
50 117 1
50 103 1
50 111 1
50 91 1
50 59 1
50 74 1
50 115 1
50 110 1
50 142 1
50 62 1
50 139 1
50 75 1
50 113 1
50 84 1
50 141 1
50 70 1
50 53 1
50 60 1
50 143 1
50 133 1
50 104 1
50 87 1
50 135 1
50 96 1
50 89 1
50 118 1
50 150 1
50 136 1
50 98 1
50 144 1
50 93 1
50 134 1
50 131 1
50 57 1
50 77 1
50 102 1
50 112 1
50 73 1
50 83 1
50 127 1
50 149 1
50 124 1
50 72 1
50 61 1
50 79 1
50 64 1
50 97 1
50 129 1
50 66 1
50 86 1
50 114 1
50 138 1
50 108 1
50 51 1
51 106 1
51 147 1
51 144 1
51 84 1
51 143 1
51 101 1
51 79 1
51 71 1
51 115 1
51 55 1
51 116 1
51 137 1
51 111 1
51 90 1
51 130 1
51 64 1
51 114 1
51 66 1
51 77 1
51 138 1
51 129 1
51 108 1
51 113 1
51 65 1
51 100 1
51 52 1
51 148 1
51 83 1
51 95 1
51 132 1
51 73 1
51 88 1
51 59 1
51 60 1
51 81 1
51 97 1
51 87 1
51 139 1
51 128 1
51 122 1
51 92 1
51 86 1
51 54 1
51 98 1
51 107 1
52 125 1
52 53 1
52 150 1
52 68 1
52 70 1
52 67 1
52 108 1
52 75 1
52 79 1
52 85 1
52 93 1
52 118 1
52 124 1
52 128 1
52 59 1
52 69 1
52 101 1
52 119 1
52 87 1
52 64 1
52 112 1
52 96 1
52 143 1
52 86 1
52 60 1
52 126 1
52 92 1
52 139 1
52 138 1
52 105 1
52 94 1
52 140 1
52 61 1
52 120 1
52 109 1
52 103 1
52 111 1
52 57 1
52 130 1
52 74 1
52 137 1
52 63 1
52 127 1
52 97 1
52 98 1
52 117 1
52 104 1
52 134 1
52 114 1
52 56 1
53 93 1
53 63 1
53 117 1
53 135 1
53 111 1
53 58 1
53 82 1
53 83 1
53 102 1
53 79 1
53 107 1
53 95 1
53 115 1
53 77 1
53 89 1
53 125 1
53 69 1
53 81 1
53 54 1
53 148 1
53 145 1
53 134 1
53 142 1
53 140 1
53 86 1
53 60 1
53 68 1
53 59 1
53 108 1
53 92 1
53 143 1
53 136 1
53 87 1
53 131 1
53 126 1
53 106 1
53 104 1
53 137 1
54 146 1
54 86 1
54 139 1
54 98 1
54 65 1
54 79 1
54 95 1
54 85 1
54 112 1
54 103 1
54 61 1
54 144 1
54 113 1
54 132 1
54 87 1
54 67 1
54 136 1
54 69 1
54 145 1
54 70 1
54 60 1
54 150 1
54 107 1
54 62 1
54 128 1
54 90 1
54 102 1
54 109 1
54 125 1
54 133 1
54 63 1
54 147 1
54 89 1
54 138 1
54 83 1
54 121 1
54 141 1
54 74 1
54 126 1
54 76 1
54 93 1
54 149 1
54 78 1
54 91 1
54 96 1
54 80 1
54 135 1
54 75 1
55 100 1
55 122 1
55 64 1
55 129 1
55 133 1
55 139 1
55 130 1
55 83 1
55 72 1
55 138 1
55 146 1
55 144 1
55 120 1
55 137 1
55 73 1
55 87 1
55 68 1
55 143 1
55 85 1
55 80 1
55 123 1
55 147 1
55 71 1
55 63 1
55 106 1
55 57 1
55 104 1
55 74 1
55 93 1
55 109 1
55 136 1
55 113 1
55 58 1
55 119 1
55 112 1
55 117 1
55 97 1
55 77 1
55 91 1
55 92 1
55 69 1
55 70 1
55 142 1
55 141 1
55 118 1
55 66 1
56 97 1
56 87 1
56 89 1
56 67 1
56 110 1
56 81 1
56 140 1
56 121 1
56 116 1
56 82 1
56 143 1
56 132 1
56 128 1
56 93 1
56 111 1
56 80 1
56 119 1
56 148 1
56 57 1
56 118 1
56 86 1
56 139 1
56 136 1
56 85 1
56 150 1
56 68 1
56 71 1
56 125 1
56 135 1
56 115 1
56 146 1
56 117 1
56 124 1
56 104 1
56 108 1
56 90 1
56 145 1
56 101 1
56 130 1
57 65 1
57 96 1
57 104 1
57 134 1
57 69 1
57 78 1
57 131 1
57 97 1
57 129 1
57 94 1
57 135 1
57 79 1
57 98 1
57 103 1
57 75 1
57 88 1
57 74 1
57 147 1
57 114 1
57 143 1
57 105 1
57 148 1
57 138 1
57 127 1
57 58 1
57 95 1
57 126 1
57 144 1
57 85 1
57 150 1
57 118 1
57 102 1
57 108 1
57 73 1
57 139 1
57 113 1
57 92 1
57 142 1
57 119 1
57 145 1
57 76 1
57 101 1
57 86 1
57 71 1
57 80 1
57 123 1
57 146 1
58 91 1
58 113 1
58 117 1
58 124 1
58 130 1
58 85 1
58 119 1
58 99 1
58 76 1
58 97 1
58 92 1
58 140 1
58 82 1
58 103 1
58 72 1
58 139 1
58 71 1
58 115 1
58 63 1
58 62 1
58 95 1
58 121 1
58 127 1
58 142 1
58 122 1
58 86 1
58 79 1
58 61 1
58 106 1
58 73 1
58 129 1
58 111 1
58 148 1
58 78 1
58 65 1
58 69 1
58 114 1
58 90 1
58 80 1
58 137 1
58 93 1
58 125 1
58 94 1
58 88 1
58 147 1
58 133 1
58 75 1
59 134 1
59 132 1
59 98 1
59 101 1
59 72 1
59 111 1
59 88 1
59 87 1
59 130 1
59 100 1
59 141 1
59 86 1
59 84 1
59 145 1
59 106 1
59 139 1
59 89 1
59 81 1
59 147 1
59 142 1
59 70 1
59 63 1
59 126 1
59 128 1
59 133 1
59 117 1
59 146 1
59 102 1
59 138 1
59 109 1
59 107 1
59 77 1
59 125 1
59 129 1
59 118 1
59 82 1
59 95 1
59 149 1
59 99 1
59 62 1
59 122 1
60 107 1
60 141 1
60 142 1
60 79 1
60 110 1
60 61 1
60 76 1
60 121 1
60 131 1
60 64 1
60 150 1
60 89 1
60 130 1
60 139 1
60 149 1
60 119 1
60 69 1
60 102 1
60 71 1
60 125 1
60 136 1
60 94 1
60 97 1
60 116 1
60 104 1
60 111 1
60 126 1
60 99 1
60 67 1
60 103 1
60 105 1
60 65 1
60 96 1
60 138 1
60 63 1
60 120 1
60 137 1
60 95 1
60 106 1
60 78 1
60 92 1
60 118 1
60 148 1
60 98 1
60 109 1
60 123 1
61 70 1
61 138 1
61 129 1
61 89 1
61 131 1
61 117 1
61 88 1
61 115 1
61 77 1
61 102 1
61 130 1
61 92 1
61 90 1
61 112 1
61 66 1
61 98 1
61 140 1
61 81 1
61 116 1
61 149 1
61 87 1
61 64 1
61 127 1
61 148 1
61 139 1
61 100 1
61 120 1
61 84 1
61 113 1
61 91 1
61 79 1
61 96 1
61 63 1
61 128 1
61 105 1
61 142 1
61 78 1
61 143 1
61 73 1
61 95 1
61 99 1
61 118 1
61 136 1
61 62 1
61 134 1
61 85 1
61 93 1
61 75 1
61 132 1
61 114 1
62 115 1
62 139 1
62 133 1
62 96 1
62 124 1
62 69 1
62 78 1
62 107 1
62 81 1
62 143 1
62 144 1
62 64 1
62 79 1
62 121 1
62 109 1
62 147 1
62 99 1
62 108 1
62 91 1
62 73 1
62 135 1
62 95 1
62 140 1
62 137 1
62 127 1
62 65 1
62 146 1
62 138 1
62 84 1
62 134 1
62 75 1
62 112 1
62 120 1
62 93 1
62 87 1
62 125 1
62 67 1
62 102 1
62 149 1
62 86 1
62 66 1
63 101 1
63 107 1
63 87 1
63 115 1
63 69 1
63 121 1
63 145 1
63 136 1
63 111 1
63 73 1
63 132 1
63 127 1
63 131 1
63 139 1
63 138 1
63 113 1
63 83 1
63 97 1
63 143 1
63 109 1
63 99 1
63 133 1
63 88 1
63 118 1
63 79 1
63 94 1
63 67 1
63 85 1
63 120 1
63 75 1
63 72 1
63 100 1
63 126 1
63 122 1
63 104 1
63 70 1
63 141 1
63 92 1
63 140 1
63 124 1
63 123 1
64 111 1
64 84 1
64 86 1
64 76 1
64 107 1
64 118 1
64 105 1
64 79 1
64 141 1
64 75 1
64 128 1
64 130 1
64 89 1
64 132 1
64 65 1
64 69 1
64 72 1
64 70 1
64 142 1
64 106 1
64 96 1
64 109 1
64 139 1
64 77 1
64 87 1
64 126 1
64 104 1
64 81 1
64 91 1
64 93 1
64 119 1
64 137 1
64 92 1
64 150 1
64 127 1
64 99 1
64 114 1
64 143 1
64 67 1
64 145 1
64 85 1
65 121 1
65 114 1
65 132 1
65 135 1
65 106 1
65 88 1
65 125 1
65 109 1
65 98 1
65 119 1
65 123 1
65 118 1
65 112 1
65 74 1
65 131 1
65 145 1
65 82 1
65 113 1
65 89 1
65 138 1
65 77 1
65 126 1
65 108 1
65 67 1
65 122 1
65 116 1
65 96 1
65 97 1
65 70 1
65 147 1
65 136 1
65 111 1
65 134 1
65 129 1
65 101 1
65 107 1
66 79 1
66 85 1
66 71 1
66 147 1
66 113 1
66 100 1
66 89 1
66 67 1
66 76 1
66 132 1
66 68 1
66 135 1
66 130 1
66 145 1
66 112 1
66 136 1
66 139 1
66 108 1
66 133 1
66 77 1
66 138 1
66 84 1
66 96 1
66 116 1
66 93 1
66 104 1
66 83 1
66 102 1
66 114 1
66 129 1
66 134 1
66 117 1
66 80 1
67 101 1
67 91 1
67 79 1
67 107 1
67 114 1
67 82 1
67 103 1
67 106 1
67 127 1
67 109 1
67 115 1
67 108 1
67 150 1
67 146 1
67 121 1
67 123 1
67 129 1
67 77 1
67 117 1
67 80 1
67 68 1
67 147 1
67 125 1
67 90 1
67 110 1
67 118 1
67 86 1
67 99 1
67 96 1
67 89 1
67 75 1
67 94 1
67 128 1
67 135 1
67 74 1
67 131 1
67 142 1
67 92 1
67 105 1
68 122 1
68 142 1
68 70 1
68 95 1
68 108 1
68 101 1
68 129 1
68 103 1
68 74 1
68 111 1
68 83 1
68 80 1
68 133 1
68 86 1
68 120 1
68 93 1
68 99 1
68 73 1
68 149 1
68 145 1
68 79 1
68 116 1
68 113 1
68 141 1
68 123 1
68 94 1
68 85 1
68 140 1
68 92 1
68 90 1
68 77 1
68 136 1
68 109 1
68 139 1
68 135 1
68 124 1
68 132 1
68 121 1
68 150 1
68 115 1
68 147 1
68 130 1
68 84 1
68 126 1
68 72 1
68 125 1
69 110 1
69 138 1
69 142 1
69 81 1
69 148 1
69 84 1
69 98 1
69 85 1
69 119 1
69 128 1
69 101 1
69 127 1
69 108 1
69 146 1
69 90 1
69 130 1
69 92 1
69 112 1
69 137 1
69 93 1
69 78 1
69 100 1
69 97 1
69 135 1
69 104 1
69 147 1
69 139 1
69 144 1
69 120 1
69 131 1
69 74 1
69 71 1
69 75 1
69 123 1
69 124 1
69 150 1
69 88 1
69 91 1
69 105 1
69 149 1
69 83 1
69 114 1
69 140 1
70 121 1
70 90 1
70 75 1
70 79 1
70 94 1
70 78 1
70 71 1
70 137 1
70 126 1
70 119 1
70 91 1
70 111 1
70 135 1
70 97 1
70 104 1
70 147 1
70 89 1
70 73 1
70 110 1
70 109 1
70 129 1
70 92 1
70 76 1
70 86 1
70 142 1
70 132 1
70 103 1
70 123 1
70 134 1
70 139 1
70 140 1
70 87 1
70 81 1
70 99 1
70 125 1
70 116 1
70 149 1
70 150 1
70 138 1
70 141 1
70 80 1
71 79 1
71 85 1
71 135 1
71 119 1
71 77 1
71 100 1
71 98 1
71 137 1
71 140 1
71 89 1
71 126 1
71 104 1
71 92 1
71 118 1
71 141 1
71 87 1
71 144 1
71 120 1
71 124 1
71 78 1
71 142 1
71 105 1
71 131 1
71 128 1
71 122 1
71 75 1
71 132 1
71 99 1
71 123 1
71 97 1
71 74 1
71 116 1
71 82 1
71 103 1
71 145 1
71 139 1
72 118 1
72 132 1
72 140 1
72 113 1
72 138 1
72 124 1
72 119 1
72 93 1
72 112 1
72 95 1
72 89 1
72 147 1
72 77 1
72 133 1
72 92 1
72 75 1
72 91 1
72 115 1
72 121 1
72 139 1
72 76 1
72 81 1
72 145 1
72 149 1
72 127 1
72 141 1
72 109 1
72 104 1
72 148 1
72 137 1
72 94 1
72 86 1
72 97 1
72 82 1
72 129 1
72 99 1
72 122 1
72 79 1
72 106 1
72 135 1
72 83 1
73 89 1
73 125 1
73 128 1
73 144 1
73 93 1
73 136 1
73 101 1
73 88 1
73 150 1
73 121 1
73 131 1
73 127 1
73 143 1
73 105 1
73 112 1
73 117 1
73 133 1
73 103 1
73 120 1
73 96 1
73 78 1
73 114 1
73 109 1
73 116 1
73 124 1
73 104 1
73 82 1
73 98 1
73 79 1
73 140 1
73 85 1
73 111 1
73 94 1
73 110 1
73 146 1
73 145 1
73 90 1
73 81 1
73 107 1
73 137 1
74 77 1
74 94 1
74 136 1
74 111 1
74 135 1
74 103 1
74 137 1
74 123 1
74 112 1
74 129 1
74 143 1
74 78 1
74 105 1
74 100 1
74 92 1
74 79 1
74 145 1
74 95 1
74 122 1
74 81 1
74 114 1
74 127 1
74 86 1
74 98 1
74 104 1
74 109 1
74 76 1
74 84 1
74 110 1
74 91 1
74 132 1
74 128 1
74 124 1
75 99 1
75 86 1
75 85 1
75 92 1
75 110 1
75 145 1
75 84 1
75 77 1
75 109 1
75 139 1
75 76 1
75 132 1
75 111 1
75 80 1
75 89 1
75 143 1
75 128 1
75 101 1
75 114 1
75 148 1
75 146 1
75 104 1
75 113 1
75 106 1
75 125 1
75 147 1
75 117 1
75 115 1
75 141 1
75 149 1
75 90 1
75 118 1
75 108 1
75 127 1
75 137 1
75 79 1
76 121 1
76 133 1
76 100 1
76 119 1
76 125 1
76 111 1
76 81 1
76 144 1
76 110 1
76 108 1
76 84 1
76 145 1
76 88 1
76 95 1
76 92 1
76 89 1
76 128 1
76 87 1
76 126 1
76 106 1
76 139 1
76 116 1
76 134 1
76 138 1
76 137 1
76 102 1
76 141 1
76 98 1
76 124 1
76 97 1
76 135 1
76 79 1
76 132 1
76 143 1
76 130 1
76 123 1
76 142 1
77 138 1
77 107 1
77 94 1
77 123 1
77 91 1
77 148 1
77 143 1
77 109 1
77 144 1
77 139 1
77 126 1
77 116 1
77 79 1
77 120 1
77 83 1
77 90 1
77 99 1
77 141 1
77 87 1
77 142 1
77 145 1
77 89 1
77 119 1
77 124 1
77 118 1
77 137 1
77 149 1
77 84 1
77 101 1
77 93 1
77 130 1
77 85 1
77 92 1
77 115 1
77 80 1
77 86 1
77 110 1
77 146 1
77 103 1
78 88 1
78 80 1
78 149 1
78 83 1
78 130 1
78 85 1
78 137 1
78 136 1
78 116 1
78 102 1
78 97 1
78 111 1
78 81 1
78 142 1
78 107 1
78 148 1
78 98 1
78 127 1
78 108 1
78 110 1
78 113 1
78 147 1
78 128 1
78 124 1
78 87 1
78 131 1
78 143 1
78 112 1
78 126 1
78 91 1
78 144 1
78 82 1
78 100 1
78 117 1
78 150 1
78 79 1
78 141 1
78 139 1
78 133 1
79 126 1
79 89 1
79 115 1
79 124 1
79 147 1
79 92 1
79 93 1
79 138 1
79 125 1
79 141 1
79 107 1
79 139 1
79 144 1
79 128 1
79 135 1
79 117 1
79 132 1
79 101 1
79 131 1
79 136 1
79 106 1
79 142 1
79 109 1
79 119 1
79 103 1
79 94 1
79 121 1
79 129 1
79 110 1
79 81 1
79 97 1
79 83 1
79 137 1
79 90 1
79 108 1
79 140 1
79 99 1
79 87 1
79 104 1
79 148 1
79 91 1
79 127 1
80 91 1
80 110 1
80 83 1
80 117 1
80 118 1
80 120 1
80 148 1
80 113 1
80 130 1
80 112 1
80 95 1
80 123 1
80 101 1
80 131 1
80 125 1
80 129 1
80 106 1
80 90 1
80 124 1
80 116 1
80 100 1
80 141 1
80 102 1
80 122 1
80 135 1
80 87 1
80 103 1
80 136 1
80 84 1
80 150 1
80 145 1
80 109 1
80 86 1
80 111 1
80 108 1
80 142 1
80 81 1
80 128 1
80 137 1
80 89 1
81 108 1
81 93 1
81 105 1
81 148 1
81 146 1
81 134 1
81 92 1
81 112 1
81 147 1
81 94 1
81 83 1
81 103 1
81 106 1
81 104 1
81 133 1
81 82 1
81 122 1
81 102 1
81 87 1
81 140 1
81 119 1
81 142 1
81 120 1
81 96 1
81 100 1
81 116 1
81 136 1
81 117 1
81 88 1
81 141 1
81 121 1
81 144 1
81 84 1
81 118 1
81 145 1
81 127 1
81 109 1
82 126 1
82 109 1
82 86 1
82 120 1
82 92 1
82 89 1
82 132 1
82 146 1
82 131 1
82 115 1
82 117 1
82 127 1
82 99 1
82 133 1
82 148 1
82 123 1
82 84 1
82 122 1
82 83 1
82 110 1
82 134 1
82 137 1
82 139 1
82 90 1
82 119 1
82 129 1
82 135 1
82 145 1
82 106 1
82 125 1
82 102 1
82 104 1
82 96 1
82 85 1
82 107 1
82 97 1
82 93 1
82 147 1
83 93 1
83 109 1
83 129 1
83 96 1
83 88 1
83 98 1
83 87 1
83 141 1
83 105 1
83 91 1
83 123 1
83 113 1
83 120 1
83 122 1
83 94 1
83 103 1
83 119 1
83 126 1
83 150 1
83 132 1
83 95 1
83 127 1
83 114 1
83 125 1
83 112 1
83 146 1
83 99 1
83 101 1
83 133 1
83 144 1
84 92 1
84 143 1
84 129 1
84 114 1
84 87 1
84 115 1
84 128 1
84 121 1
84 132 1
84 126 1
84 137 1
84 116 1
84 118 1
84 109 1
84 96 1
84 122 1
84 106 1
84 144 1
84 127 1
84 99 1
84 131 1
84 133 1
84 138 1
84 110 1
84 150 1
84 112 1
84 124 1
84 103 1
84 98 1
84 89 1
84 136 1
85 147 1
85 102 1
85 132 1
85 133 1
85 90 1
85 103 1
85 150 1
85 98 1
85 106 1
85 101 1
85 91 1
85 130 1
85 128 1
85 142 1
85 100 1
85 114 1
85 105 1
85 120 1
85 149 1
85 93 1
85 145 1
85 87 1
85 141 1
85 134 1
85 137 1
85 144 1
85 89 1
85 117 1
85 121 1
85 126 1
85 119 1
85 110 1
86 93 1
86 124 1
86 131 1
86 150 1
86 123 1
86 146 1
86 98 1
86 114 1
86 138 1
86 126 1
86 125 1
86 137 1
86 108 1
86 144 1
86 127 1
86 90 1
86 129 1
86 110 1
86 105 1
86 94 1
86 139 1
86 133 1
86 103 1
86 102 1
86 87 1
86 107 1
86 92 1
86 130 1
86 132 1
86 96 1
86 88 1
86 119 1
86 97 1
86 112 1
86 135 1
86 115 1
86 149 1
87 145 1
87 112 1
87 107 1
87 147 1
87 128 1
87 122 1
87 91 1
87 131 1
87 126 1
87 130 1
87 138 1
87 139 1
87 117 1
87 124 1
87 149 1
87 110 1
87 99 1
87 104 1
87 95 1
87 109 1
87 123 1
87 121 1
87 97 1
87 100 1
87 106 1
87 127 1
87 142 1
87 146 1
87 105 1
87 140 1
87 129 1
87 141 1
87 143 1
88 128 1
88 121 1
88 139 1
88 119 1
88 149 1
88 120 1
88 129 1
88 117 1
88 148 1
88 124 1
88 122 1
88 98 1
88 103 1
88 108 1
88 111 1
88 90 1
88 143 1
88 112 1
88 126 1
88 113 1
88 91 1
88 144 1
88 130 1
88 104 1
88 127 1
88 106 1
88 137 1
88 118 1
88 135 1
88 100 1
89 147 1
89 121 1
89 105 1
89 91 1
89 113 1
89 114 1
89 95 1
89 143 1
89 149 1
89 129 1
89 124 1
89 140 1
89 123 1
89 111 1
89 131 1
89 104 1
89 128 1
89 112 1
89 132 1
89 144 1
89 102 1
89 98 1
89 108 1
89 126 1
89 146 1
89 122 1
89 136 1
89 116 1
89 118 1
90 99 1
90 101 1
90 145 1
90 114 1
90 124 1
90 103 1
90 140 1
90 108 1
90 106 1
90 102 1
90 137 1
90 115 1
90 142 1
90 132 1
90 122 1
90 128 1
90 121 1
90 113 1
90 147 1
90 125 1
90 116 1
90 120 1
90 138 1
90 96 1
90 93 1
90 134 1
90 127 1
90 133 1
91 136 1
91 134 1
91 95 1
91 129 1
91 108 1
91 128 1
91 145 1
91 111 1
91 123 1
91 126 1
91 139 1
91 105 1
91 99 1
91 103 1
91 113 1
91 107 1
91 101 1
91 130 1
91 150 1
91 115 1
91 149 1
91 97 1
91 127 1
91 140 1
92 98 1
92 105 1
92 103 1
92 127 1
92 94 1
92 135 1
92 130 1
92 109 1
92 119 1
92 145 1
92 121 1
92 117 1
92 108 1
92 142 1
92 100 1
92 107 1
92 134 1
92 106 1
92 104 1
92 147 1
92 149 1
92 93 1
92 124 1
92 125 1
92 143 1
92 122 1
92 95 1
93 124 1
93 94 1
93 142 1
93 110 1
93 122 1
93 100 1
93 115 1
93 111 1
93 101 1
93 145 1
93 148 1
93 123 1
93 136 1
93 132 1
93 127 1
93 97 1
93 125 1
93 96 1
93 150 1
93 106 1
93 126 1
93 99 1
93 104 1
93 98 1
93 134 1
93 120 1
93 131 1
93 102 1
93 105 1
93 108 1
93 119 1
93 107 1
93 112 1
93 95 1
93 138 1
94 143 1
94 103 1
94 97 1
94 121 1
94 138 1
94 123 1
94 100 1
94 134 1
94 104 1
94 109 1
94 145 1
94 139 1
94 113 1
94 135 1
94 108 1
94 124 1
94 128 1
94 141 1
94 144 1
94 107 1
94 101 1
94 98 1
94 116 1
94 147 1
94 140 1
95 131 1
95 133 1
95 147 1
95 132 1
95 107 1
95 105 1
95 123 1
95 148 1
95 116 1
95 121 1
95 110 1
95 114 1
95 96 1
95 124 1
95 141 1
95 119 1
95 99 1
95 113 1
95 126 1
95 135 1
95 144 1
95 138 1
95 118 1
95 111 1
95 150 1
95 97 1
95 120 1
95 134 1
95 139 1
95 122 1
95 149 1
96 111 1
96 136 1
96 141 1
96 133 1
96 101 1
96 144 1
96 123 1
96 137 1
96 112 1
96 107 1
96 122 1
96 99 1
96 118 1
96 129 1
96 128 1
96 126 1
96 103 1
96 109 1
96 119 1
96 132 1
96 142 1
96 108 1
96 100 1
96 131 1
96 114 1
97 136 1
97 109 1
97 118 1
97 106 1
97 98 1
97 141 1
97 100 1
97 140 1
97 123 1
97 128 1
97 130 1
97 125 1
97 132 1
97 114 1
97 121 1
97 146 1
97 147 1
97 115 1
97 142 1
97 126 1
97 101 1
97 108 1
97 149 1
97 127 1
97 148 1
97 133 1
97 107 1
97 137 1
97 129 1
97 122 1
98 132 1
98 104 1
98 134 1
98 110 1
98 145 1
98 122 1
98 130 1
98 139 1
98 124 1
98 120 1
98 129 1
98 103 1
98 119 1
98 137 1
98 150 1
98 147 1
98 102 1
98 136 1
98 106 1
98 108 1
98 100 1
98 131 1
99 138 1
99 102 1
99 127 1
99 109 1
99 129 1
99 145 1
99 146 1
99 131 1
99 133 1
99 116 1
99 112 1
99 144 1
99 141 1
99 106 1
99 147 1
99 150 1
99 125 1
99 108 1
99 121 1
99 118 1
99 110 1
99 115 1
99 149 1
99 105 1
99 104 1
100 116 1
100 119 1
100 128 1
100 138 1
100 133 1
100 115 1
100 112 1
100 150 1
100 127 1
100 147 1
100 102 1
100 139 1
100 120 1
100 148 1
100 110 1
100 136 1
100 131 1
100 106 1
100 122 1
100 118 1
100 125 1
100 149 1
101 138 1
101 135 1
101 123 1
101 150 1
101 148 1
101 112 1
101 126 1
101 117 1
101 124 1
101 145 1
101 131 1
101 134 1
101 125 1
101 104 1
101 129 1
101 120 1
101 128 1
101 122 1
101 102 1
101 114 1
101 106 1
101 132 1
102 143 1
102 127 1
102 115 1
102 123 1
102 107 1
102 126 1
102 111 1
102 146 1
102 140 1
102 106 1
102 112 1
102 130 1
102 122 1
102 129 1
102 150 1
102 133 1
102 119 1
102 132 1
102 149 1
102 105 1
102 124 1
102 110 1
103 131 1
103 114 1
103 124 1
103 123 1
103 144 1
103 113 1
103 108 1
103 135 1
103 138 1
103 121 1
103 134 1
103 146 1
103 115 1
103 110 1
103 109 1
103 106 1
103 142 1
103 139 1
103 143 1
103 125 1
104 121 1
104 146 1
104 140 1
104 127 1
104 119 1
104 133 1
104 106 1
104 123 1
104 122 1
104 126 1
104 107 1
104 118 1
104 124 1
104 114 1
104 132 1
104 134 1
104 141 1
104 131 1
104 112 1
104 136 1
104 113 1
104 110 1
104 111 1
105 140 1
105 108 1
105 147 1
105 106 1
105 109 1
105 110 1
105 144 1
105 125 1
105 122 1
105 146 1
105 131 1
105 130 1
105 115 1
105 126 1
105 145 1
105 124 1
105 111 1
105 117 1
105 129 1
105 139 1
105 137 1
105 141 1
105 136 1
105 118 1
106 148 1
106 107 1
106 146 1
106 138 1
106 145 1
106 135 1
106 121 1
106 137 1
106 127 1
106 123 1
106 130 1
106 142 1
106 119 1
106 113 1
106 136 1
106 112 1
106 143 1
106 141 1
106 126 1
107 141 1
107 120 1
107 132 1
107 139 1
107 114 1
107 121 1
107 126 1
107 145 1
107 112 1
107 117 1
107 119 1
107 129 1
107 136 1
107 118 1
107 137 1
107 150 1
107 138 1
107 148 1
107 125 1
107 113 1
107 133 1
107 134 1
107 115 1
108 147 1
108 141 1
108 126 1
108 137 1
108 139 1
108 109 1
108 127 1
108 110 1
108 144 1
108 112 1
108 121 1
108 120 1
108 128 1
108 130 1
108 124 1
108 149 1
108 145 1
108 135 1
108 119 1
108 150 1
108 134 1
108 133 1
108 111 1
108 138 1
108 146 1
108 148 1
108 115 1
109 141 1
109 150 1
109 115 1
109 137 1
109 128 1
109 119 1
109 112 1
109 116 1
109 136 1
109 126 1
109 129 1
109 145 1
109 123 1
109 147 1
109 144 1
109 146 1
109 143 1
109 111 1
110 119 1
110 138 1
110 118 1
110 117 1
110 147 1
110 128 1
110 144 1
110 132 1
110 137 1
110 142 1
110 111 1
110 135 1
110 113 1
110 149 1
110 129 1
110 120 1
110 133 1
110 112 1
110 139 1
110 136 1
110 124 1
110 123 1
110 122 1
110 115 1
110 146 1
110 150 1
110 114 1
110 131 1
111 144 1
111 149 1
111 135 1
111 122 1
111 132 1
111 138 1
111 134 1
111 119 1
111 120 1
111 125 1
111 141 1
111 114 1
111 145 1
111 124 1
111 117 1
111 121 1
111 146 1
111 116 1
112 121 1
112 114 1
112 128 1
112 139 1
112 145 1
112 119 1
112 125 1
112 148 1
112 131 1
112 142 1
112 116 1
112 122 1
112 141 1
112 134 1
112 144 1
112 132 1
112 150 1
113 123 1
113 121 1
113 133 1
113 124 1
113 135 1
113 144 1
113 147 1
113 122 1
113 145 1
113 134 1
113 117 1
113 149 1
113 127 1
113 146 1
113 150 1
113 129 1
113 148 1
113 120 1
113 137 1
113 114 1
113 136 1
114 117 1
114 128 1
114 138 1
114 137 1
114 132 1
114 124 1
114 122 1
114 127 1
114 143 1
114 146 1
114 141 1
114 125 1
114 119 1
114 147 1
114 123 1
114 149 1
114 135 1
114 120 1
115 150 1
115 143 1
115 145 1
115 149 1
115 130 1
115 118 1
115 147 1
115 119 1
115 132 1
115 125 1
115 129 1
115 133 1
115 138 1
116 128 1
116 127 1
116 123 1
116 137 1
116 150 1
116 141 1
116 149 1
116 139 1
116 145 1
116 125 1
116 136 1
116 143 1
116 132 1
116 142 1
116 118 1
116 120 1
116 134 1
116 121 1
117 129 1
117 147 1
117 149 1
117 128 1
117 132 1
117 133 1
117 148 1
117 137 1
117 127 1
117 120 1
117 131 1
117 135 1
117 119 1
117 139 1
117 123 1
118 123 1
118 141 1
118 129 1
118 125 1
118 122 1
118 135 1
118 134 1
118 137 1
118 147 1
118 121 1
118 126 1
119 145 1
119 130 1
119 149 1
119 132 1
119 150 1
119 133 1
119 142 1
119 140 1
119 131 1
119 129 1
119 138 1
119 147 1
119 136 1
119 134 1
119 146 1
119 121 1
119 124 1
120 126 1
120 149 1
120 140 1
120 150 1
120 138 1
120 129 1
120 141 1
120 139 1
120 145 1
120 128 1
121 123 1
121 125 1
121 144 1
121 134 1
121 122 1
121 150 1
121 129 1
121 124 1
121 140 1
121 147 1
121 141 1
121 126 1
121 149 1
121 135 1
121 145 1
121 130 1
122 142 1
122 137 1
122 149 1
122 123 1
122 129 1
122 132 1
122 131 1
122 124 1
122 148 1
122 138 1
122 146 1
122 130 1
122 141 1
122 135 1
123 130 1
123 142 1
123 148 1
123 126 1
123 147 1
123 143 1
123 128 1
123 149 1
123 133 1
123 131 1
124 145 1
124 148 1
124 134 1
124 136 1
124 144 1
124 126 1
124 140 1
124 125 1
125 147 1
125 134 1
125 143 1
125 146 1
125 142 1
125 126 1
125 148 1
125 144 1
125 131 1
125 135 1
125 128 1
125 130 1
125 136 1
126 149 1
126 146 1
126 141 1
126 128 1
126 140 1
126 129 1
126 133 1
126 130 1
126 145 1
126 138 1
126 134 1
126 148 1
126 135 1
126 147 1
126 150 1
126 127 1
126 144 1
127 146 1
127 139 1
127 140 1
127 142 1
127 133 1
127 128 1
127 141 1
127 131 1
127 143 1
127 134 1
128 148 1
128 130 1
128 145 1
128 139 1
128 129 1
128 146 1
128 134 1
128 150 1
128 143 1
128 140 1
129 142 1
129 150 1
129 143 1
129 141 1
129 138 1
129 149 1
129 139 1
129 145 1
129 133 1
129 146 1
129 144 1
129 131 1
129 136 1
129 134 1
129 130 1
130 134 1
130 150 1
130 138 1
130 149 1
130 145 1
130 132 1
130 140 1
130 148 1
130 144 1
130 146 1
130 137 1
130 143 1
130 139 1
131 144 1
131 135 1
131 145 1
131 148 1
131 139 1
131 138 1
131 142 1
131 141 1
131 140 1
131 143 1
131 134 1
131 149 1
132 143 1
132 136 1
132 150 1
132 133 1
132 140 1
132 135 1
132 142 1
132 139 1
132 148 1
132 149 1
132 137 1
133 149 1
133 143 1
133 142 1
133 144 1
133 141 1
133 134 1
133 148 1
133 145 1
133 137 1
133 138 1
134 148 1
134 136 1
134 141 1
134 143 1
134 147 1
134 142 1
134 146 1
134 144 1
134 138 1
135 141 1
135 147 1
135 143 1
135 145 1
135 137 1
135 142 1
135 149 1
135 139 1
135 144 1
135 138 1
135 150 1
136 149 1
136 138 1
136 142 1
136 150 1
136 137 1
136 146 1
136 140 1
136 143 1
136 147 1
136 145 1
137 142 1
137 139 1
137 144 1
138 145 1
138 142 1
138 149 1
138 148 1
138 140 1
139 145 1
139 147 1
139 143 1
139 140 1
139 150 1
139 141 1
139 146 1
140 147 1
140 149 1
140 150 1
140 142 1
141 142 1
141 147 1
141 144 1
141 149 1
141 150 1
142 148 1
142 150 1
142 144 1
142 143 1
142 149 1
142 146 1
143 146 1
143 148 1
143 150 1
144 147 1
144 146 1
144 145 1
145 147 1
145 149 1
145 146 1
145 150 1
146 150 1
146 149 1
146 147 1
147 150 1
