150 1118 
1 150 1
1 5 1
1 7 -1
1 88 1
1 142 1
1 116 1
1 144 -1
1 114 -1
1 81 -1
1 43 1
2 99 -1
2 84 1
2 77 -1
2 126 1
2 34 -1
2 144 1
2 101 1
2 118 -1
2 76 -1
2 37 -1
2 85 1
2 143 -1
2 32 -1
2 114 1
2 46 -1
2 75 1
3 115 -1
3 117 1
3 113 -1
3 129 -1
3 109 1
3 11 1
3 149 -1
3 150 1
3 118 1
3 144 1
3 88 -1
3 10 1
3 98 -1
3 20 -1
4 129 1
4 33 -1
4 143 1
4 62 1
4 47 -1
4 124 1
4 63 -1
4 34 1
4 150 -1
4 45 -1
4 59 -1
4 54 1
4 137 1
5 67 -1
5 77 -1
5 101 1
5 99 -1
5 34 -1
5 127 -1
5 109 -1
5 59 1
5 144 -1
5 120 -1
5 81 1
5 105 -1
5 113 -1
5 78 1
5 30 1
5 14 -1
5 124 -1
5 93 1
5 116 1
5 9 -1
6 72 -1
6 103 1
6 19 -1
6 93 1
6 35 1
6 37 1
6 104 -1
6 27 1
6 102 -1
6 91 1
6 14 1
6 80 -1
6 101 -1
7 137 -1
7 78 1
7 46 1
7 123 -1
7 69 -1
7 14 1
7 108 1
7 20 -1
7 124 -1
7 42 -1
7 53 -1
7 131 -1
7 50 1
7 26 1
8 37 1
8 46 1
8 42 -1
8 41 -1
8 95 -1
8 84 -1
8 58 -1
8 69 1
8 51 -1
8 36 -1
8 49 1
8 79 1
8 99 1
8 31 1
8 98 1
9 98 -1
9 129 -1
9 26 1
9 46 -1
9 12 1
9 33 -1
9 128 1
9 55 1
9 19 1
9 116 -1
9 150 -1
9 108 1
10 93 -1
10 53 1
10 108 1
10 67 1
10 29 -1
10 118 1
10 36 -1
10 125 -1
10 25 1
10 123 1
10 49 1
10 42 1
11 58 1
11 64 -1
11 65 1
11 31 1
11 80 1
11 41 -1
11 119 -1
11 112 -1
11 15 1
11 56 -1
11 108 1
11 46 -1
11 47 -1
11 76 1
11 134 -1
11 37 1
11 57 1
12 103 -1
12 14 1
12 137 -1
12 109 -1
12 107 1
12 81 -1
12 99 -1
12 59 1
13 33 -1
13 135 1
13 97 1
13 93 -1
13 98 1
13 36 -1
13 88 1
13 57 -1
13 23 1
13 140 -1
13 127 1
13 115 1
14 143 -1
14 42 1
14 63 -1
14 33 1
14 120 1
14 69 -1
14 117 -1
14 106 1
14 23 -1
14 53 1
14 131 1
14 43 1
14 51 -1
15 124 -1
15 28 -1
15 50 1
15 90 -1
15 133 1
15 150 1
15 65 -1
15 97 -1
15 93 -1
15 67 -1
15 48 1
15 58 1
15 33 -1
15 64 1
15 122 1
15 108 1
15 96 1
15 134 -1
15 39 -1
15 109 1
16 59 -1
16 106 1
16 115 -1
16 57 -1
16 74 -1
16 19 1
16 128 -1
16 97 1
16 21 -1
16 144 -1
16 76 -1
16 60 1
16 127 1
16 38 1
17 117 1
17 107 -1
17 99 1
17 85 -1
17 95 -1
17 102 1
17 52 1
17 19 1
17 92 1
17 66 -1
17 81 1
18 81 1
18 137 -1
18 130 -1
18 105 1
18 67 1
18 27 -1
18 86 1
18 96 1
18 76 -1
18 140 -1
18 56 -1
18 119 -1
19 68 1
19 46 -1
19 50 -1
19 126 -1
19 89 -1
19 95 1
19 124 1
19 25 -1
19 109 -1
19 61 1
19 88 1
20 89 1
20 65 -1
20 52 1
20 34 -1
20 78 1
20 101 -1
20 36 -1
20 62 -1
20 112 -1
20 135 1
20 128 -1
20 144 -1
20 75 -1
20 54 -1
20 122 -1
20 50 1
20 137 1
20 60 -1
21 130 -1
21 96 -1
21 113 -1
21 71 -1
21 48 -1
21 36 -1
21 99 -1
21 131 -1
21 122 1
21 105 -1
21 98 -1
21 134 -1
21 137 -1
21 81 -1
21 55 1
21 110 -1
22 146 1
22 141 1
22 128 -1
22 48 -1
22 86 -1
22 29 -1
22 55 1
22 147 -1
22 73 1
23 69 1
23 44 1
23 139 1
23 77 -1
23 131 1
23 141 -1
23 34 -1
23 149 -1
23 98 1
23 35 1
23 147 1
23 53 -1
23 45 1
23 144 -1
24 96 -1
24 107 1
24 80 -1
24 36 1
24 29 -1
24 131 1
24 120 1
24 119 1
24 133 -1
24 110 1
24 102 1
24 88 -1
24 61 1
24 105 -1
24 115 1
24 141 1
25 42 1
25 113 -1
25 150 1
25 63 -1
25 104 -1
26 57 1
26 89 -1
26 101 -1
26 96 1
26 144 1
26 52 1
26 28 1
26 145 -1
26 117 1
26 31 1
26 92 1
26 147 -1
27 126 1
27 29 1
27 67 -1
27 62 1
27 50 -1
27 60 -1
27 37 1
27 31 1
28 90 -1
28 40 1
28 58 -1
28 71 -1
28 91 1
28 78 -1
28 50 -1
28 84 -1
28 74 1
28 85 1
28 97 1
28 82 -1
28 87 1
28 150 -1
28 142 1
29 81 1
29 76 -1
29 47 1
29 140 -1
29 110 1
29 147 -1
29 61 1
29 123 1
29 45 -1
29 136 1
29 109 -1
29 121 1
29 59 -1
29 89 -1
29 60 1
30 37 1
30 95 -1
30 96 -1
30 146 -1
30 64 -1
30 61 -1
30 110 1
30 84 1
30 54 1
30 41 1
30 103 -1
30 128 -1
31 150 1
31 62 -1
31 59 1
31 99 1
31 34 -1
31 76 -1
31 106 1
31 148 -1
31 85 1
31 120 1
31 73 -1
31 89 -1
31 70 -1
32 150 -1
32 102 1
32 140 -1
32 48 -1
32 131 1
32 139 1
32 80 1
32 83 -1
32 43 -1
32 120 1
32 130 1
32 113 1
32 96 1
32 47 -1
32 98 -1
32 134 -1
32 54 1
32 116 -1
32 77 -1
33 131 -1
33 95 1
33 77 -1
33 60 1
33 41 1
33 62 -1
33 72 -1
33 125 -1
33 85 -1
33 92 -1
33 55 -1
33 61 -1
33 70 1
33 114 1
33 100 1
33 147 1
34 104 1
34 86 1
34 135 1
34 146 1
34 147 1
34 62 1
34 53 1
34 61 -1
34 37 -1
34 98 -1
34 113 -1
35 94 1
35 140 1
35 70 1
35 74 1
35 76 1
35 51 1
35 66 1
35 52 1
35 122 1
35 120 1
35 49 1
35 50 1
35 80 1
35 81 1
35 143 -1
35 145 -1
36 119 -1
36 59 -1
36 92 1
36 86 1
36 127 1
36 145 -1
36 116 1
36 78 1
36 97 1
36 113 1
36 124 -1
37 133 1
37 145 -1
37 47 -1
37 40 1
38 64 1
38 141 1
38 143 1
38 132 -1
38 137 1
38 59 1
38 39 -1
38 51 1
38 79 1
38 46 -1
38 42 1
38 111 -1
39 89 -1
39 148 1
39 111 1
39 48 1
39 83 -1
39 54 -1
39 52 1
39 42 1
39 141 -1
39 144 1
39 71 -1
39 70 -1
40 62 1
40 113 1
40 93 -1
40 41 -1
40 61 1
40 150 1
40 71 -1
40 120 1
40 63 1
40 137 1
40 66 -1
41 97 1
41 91 1
41 92 -1
41 100 -1
41 145 -1
41 138 1
41 55 1
41 95 -1
41 86 -1
41 129 -1
41 46 1
42 81 -1
42 111 -1
42 58 -1
42 83 -1
42 77 1
42 57 1
42 60 -1
42 101 -1
42 135 1
42 116 -1
43 117 -1
43 138 -1
43 75 1
43 106 -1
43 108 -1
43 145 1
43 93 1
43 130 1
43 137 1
43 96 -1
44 51 -1
44 62 -1
44 64 -1
44 125 -1
44 112 -1
45 137 1
45 56 -1
45 76 1
45 64 1
45 142 1
45 147 1
45 139 1
45 103 -1
45 126 1
45 68 -1
45 77 -1
45 50 1
45 129 -1
45 133 1
46 74 1
46 120 -1
46 85 -1
46 102 1
46 90 1
46 149 -1
46 47 -1
46 57 1
46 48 1
46 83 1
46 106 1
46 93 -1
47 59 -1
47 132 -1
47 115 1
47 54 -1
47 148 1
47 131 -1
47 75 -1
47 105 1
47 107 -1
48 120 1
48 79 1
48 49 -1
48 68 1
48 118 1
48 77 1
48 126 -1
48 143 1
48 88 1
48 97 1
48 73 1
48 148 1
49 138 -1
49 110 -1
49 133 1
49 126 1
49 111 -1
49 92 1
49 114 -1
49 124 -1
49 143 1
49 63 -1
49 76 1
49 56 1
50 87 -1
50 143 1
50 150 -1
50 108 1
50 122 1
50 62 -1
50 139 1
50 89 1
50 102 -1
50 59 -1
50 111 -1
50 147 -1
51 72 1
51 103 1
51 68 1
51 150 1
51 80 -1
51 126 1
51 96 -1
51 110 -1
51 57 -1
52 63 -1
52 67 -1
52 123 -1
52 134 1
53 118 -1
53 85 1
53 90 1
53 75 -1
53 92 -1
53 123 1
53 70 -1
54 103 -1
54 91 1
54 92 1
54 119 -1
54 79 1
54 73 -1
54 68 -1
54 63 1
54 100 -1
54 135 -1
54 122 -1
55 73 -1
55 59 -1
55 119 1
55 113 1
55 93 -1
55 87 -1
55 69 1
55 85 -1
55 81 1
55 136 1
56 90 -1
56 70 1
56 95 -1
57 79 1
57 82 1
57 128 1
57 72 1
57 63 1
57 65 1
57 106 1
57 115 1
57 112 1
57 84 -1
57 141 1
57 101 -1
58 102 -1
58 68 -1
58 123 -1
58 67 -1
58 150 1
58 59 1
58 64 -1
58 60 -1
58 129 1
58 103 1
58 92 -1
58 135 -1
59 138 -1
59 110 1
59 150 -1
59 83 -1
59 77 1
59 106 -1
59 92 -1
59 76 1
59 117 1
59 144 -1
59 75 1
60 138 1
60 84 1
60 115 1
60 144 1
60 145 -1
60 86 -1
60 63 1
60 118 -1
60 87 -1
61 128 1
61 64 1
61 146 1
61 89 1
61 138 -1
61 72 -1
61 133 1
61 149 1
61 82 -1
61 98 1
61 79 -1
61 80 -1
61 67 -1
62 69 -1
62 73 -1
62 99 -1
62 83 -1
62 118 1
62 65 1
62 72 1
62 115 1
63 114 1
63 97 -1
63 96 -1
63 78 -1
63 79 -1
63 118 1
63 65 1
63 116 1
64 109 -1
64 134 -1
64 99 -1
64 101 -1
64 88 -1
65 70 -1
65 93 1
65 91 1
65 109 1
66 125 1
66 118 1
66 143 1
66 69 -1
66 73 -1
66 107 -1
66 139 1
66 100 -1
66 70 -1
66 131 -1
66 87 -1
66 84 -1
67 93 1
67 140 -1
67 87 -1
67 128 -1
67 89 -1
67 97 -1
67 103 -1
67 145 -1
67 88 1
68 77 -1
68 106 -1
68 75 1
68 142 -1
68 113 1
68 130 -1
68 85 1
68 146 1
69 150 1
69 135 -1
69 121 -1
69 80 1
69 86 -1
69 110 1
69 103 1
70 129 1
70 107 -1
70 130 1
70 127 -1
70 142 -1
70 94 1
70 111 1
71 131 1
71 124 -1
71 141 -1
71 137 -1
71 112 -1
71 136 1
71 94 1
71 146 1
71 118 1
71 120 1
71 89 1
72 91 -1
72 127 -1
72 85 1
72 114 -1
72 92 -1
72 87 -1
72 106 -1
73 87 1
73 101 -1
73 88 -1
73 95 -1
73 139 1
73 107 1
73 134 -1
74 116 1
74 141 1
74 108 1
74 143 -1
74 132 1
75 88 1
75 111 -1
75 147 -1
75 80 -1
75 131 -1
75 129 1
75 106 1
76 150 -1
76 126 1
76 108 1
76 133 -1
76 135 -1
76 113 1
76 117 -1
76 139 1
76 146 -1
76 87 -1
77 147 -1
77 99 -1
77 131 1
77 106 1
77 113 1
77 145 -1
77 90 1
77 95 1
77 137 -1
77 114 1
78 100 -1
78 114 -1
78 120 -1
78 140 1
78 138 1
78 150 1
78 133 -1
79 83 1
79 125 1
79 110 1
79 121 -1
79 84 -1
80 110 -1
80 136 1
80 91 1
80 130 1
80 117 1
80 116 -1
80 90 1
80 114 -1
80 123 -1
80 111 -1
80 102 1
80 93 1
81 139 -1
81 110 -1
81 111 -1
81 97 -1
81 115 -1
81 130 1
82 96 1
82 99 1
82 127 1
82 118 1
82 145 1
82 137 -1
82 84 -1
82 91 1
82 141 1
83 136 1
83 88 1
83 108 1
83 120 1
83 116 1
83 131 -1
83 142 1
83 98 1
83 140 1
84 140 1
84 106 1
84 118 -1
84 120 1
84 104 1
84 124 1
84 93 1
84 117 1
84 138 1
84 128 -1
85 88 -1
85 115 -1
85 97 1
85 106 -1
86 121 1
86 105 1
86 99 -1
86 127 1
87 109 -1
87 92 1
87 125 -1
88 115 1
88 150 1
88 120 -1
88 145 -1
88 118 -1
88 141 -1
88 100 -1
88 93 -1
89 90 1
89 96 -1
89 105 -1
89 111 -1
89 126 1
90 121 1
90 135 -1
90 112 -1
90 99 1
90 126 -1
90 149 -1
90 150 1
91 109 1
91 138 -1
91 94 -1
91 119 -1
91 131 1
92 99 1
92 93 -1
92 145 1
92 147 1
92 94 -1
92 108 1
93 126 1
93 134 1
93 136 -1
94 143 -1
95 135 -1
95 109 1
95 99 1
95 141 -1
95 112 1
95 101 -1
96 150 1
96 118 1
96 108 -1
96 103 -1
96 117 -1
96 112 -1
96 130 1
96 99 -1
97 102 -1
97 101 1
97 125 -1
97 150 -1
97 126 1
97 114 1
98 146 -1
98 123 -1
98 121 1
98 145 1
98 137 1
99 127 1
99 129 -1
99 136 1
99 123 -1
100 119 1
100 106 -1
100 133 -1
100 138 1
100 136 1
101 120 -1
101 116 -1
101 135 -1
101 113 1
101 108 1
101 130 -1
101 103 -1
101 106 -1
102 127 -1
102 107 -1
102 145 1
102 132 1
102 113 -1
102 122 -1
103 129 1
103 112 1
103 111 -1
103 137 -1
104 123 -1
104 114 1
105 122 -1
105 136 -1
105 123 -1
105 147 -1
105 107 -1
105 114 -1
106 108 1
106 121 1
107 127 1
107 116 1
107 150 1
108 135 -1
109 137 -1
110 135 -1
110 139 -1
110 146 -1
111 143 -1
111 137 1
111 119 -1
111 123 1
112 139 1
112 140 1
112 130 1
113 114 1
113 150 -1
113 120 -1
113 133 1
114 116 1
114 139 -1
115 123 1
115 143 1
115 141 -1
115 146 1
116 129 1
116 124 -1
116 148 -1
116 149 1
116 134 1
116 145 -1
116 144 -1
116 142 -1
116 122 -1
117 121 -1
117 124 -1
119 131 -1
119 122 -1
119 135 -1
120 132 -1
120 139 1
120 143 1
120 148 -1
120 137 1
120 122 -1
121 137 -1
121 136 -1
121 135 -1
121 143 1
122 125 -1
122 136 1
123 150 -1
123 136 1
123 144 1
123 126 1
124 133 1
124 142 -1
125 145 -1
125 147 -1
125 146 -1
125 130 -1
125 126 1
125 132 1
126 137 -1
126 146 1
127 139 -1
127 140 1
127 144 1
127 149 -1
127 147 -1
128 141 1
129 132 -1
129 146 1
130 147 -1
130 138 1
131 139 -1
131 148 1
132 141 -1
132 136 1
132 139 -1
133 137 1
134 145 1
135 136 -1
135 148 1
136 138 -1
136 149 1
136 148 -1
137 138 1
137 143 -1
138 142 -1
138 150 1
139 141 1
140 150 1
140 149 1
140 146 -1
142 143 -1
148 150 1
