150 1118 
1 150 6
1 5 4
1 7 1
1 88 2
1 142 8
1 116 8
1 144 7
1 114 7
1 81 9
1 43 6
2 99 1
2 84 10
2 77 7
2 126 10
2 34 3
2 144 4
2 101 8
2 118 9
2 76 3
2 37 5
2 85 10
2 143 3
2 32 5
2 114 8
2 46 3
2 75 6
3 115 7
3 117 4
3 113 5
3 129 1
3 109 6
3 11 4
3 149 1
3 150 4
3 118 4
3 144 2
3 88 3
3 10 6
3 98 1
3 20 7
4 129 10
4 33 1
4 143 8
4 62 6
4 47 1
4 124 8
4 63 7
4 34 2
4 150 5
4 45 9
4 59 3
4 54 8
4 137 10
5 67 3
5 77 9
5 101 10
5 99 7
5 34 1
5 127 7
5 109 1
5 59 4
5 144 5
5 120 9
5 81 2
5 105 3
5 113 9
5 78 8
5 30 2
5 14 1
5 124 9
5 93 4
5 116 4
5 9 9
6 72 5
6 103 8
6 19 9
6 93 8
6 35 2
6 37 6
6 104 7
6 27 8
6 102 9
6 91 6
6 14 8
6 80 3
6 101 1
7 137 7
7 78 6
7 46 4
7 123 1
7 69 3
7 14 6
7 108 8
7 20 3
7 124 9
7 42 5
7 53 1
7 131 7
7 50 8
7 26 10
8 37 6
8 46 2
8 42 3
8 41 7
8 95 7
8 84 7
8 58 7
8 69 6
8 51 7
8 36 1
8 49 10
8 79 10
8 99 2
8 31 8
8 98 2
9 98 5
9 129 1
9 26 10
9 46 3
9 12 10
9 33 5
9 128 4
9 55 10
9 19 8
9 116 5
9 150 9
9 108 4
10 93 7
10 53 4
10 108 2
10 67 2
10 29 1
10 118 4
10 36 7
10 125 9
10 25 6
10 123 10
10 49 8
10 42 8
11 58 10
11 64 3
11 65 8
11 31 10
11 80 2
11 41 5
11 119 3
11 112 3
11 15 4
11 56 5
11 108 6
11 46 1
11 47 1
11 76 10
11 134 7
11 37 8
11 57 6
12 103 9
12 14 8
12 137 7
12 109 3
12 107 10
12 81 7
12 99 9
12 59 4
13 33 9
13 135 10
13 97 4
13 93 3
13 98 8
13 36 3
13 88 6
13 57 1
13 23 10
13 140 3
13 127 8
13 115 8
14 143 3
14 42 10
14 63 7
14 33 10
14 120 6
14 69 1
14 117 1
14 106 8
14 23 3
14 53 10
14 131 8
14 43 6
14 51 1
15 124 9
15 28 7
15 50 10
15 90 1
15 133 10
15 150 8
15 65 1
15 97 9
15 93 9
15 67 1
15 48 6
15 58 10
15 33 9
15 64 2
15 122 4
15 108 4
15 96 2
15 134 7
15 39 7
15 109 8
16 59 1
16 106 2
16 115 9
16 57 5
16 74 9
16 19 8
16 128 9
16 97 6
16 21 9
16 144 1
16 76 3
16 60 10
16 127 6
16 38 8
17 117 4
17 107 3
17 99 2
17 85 9
17 95 1
17 102 8
17 52 10
17 19 10
17 92 6
17 66 9
17 81 4
18 81 6
18 137 7
18 130 7
18 105 10
18 67 6
18 27 7
18 86 6
18 96 6
18 76 3
18 140 7
18 56 9
18 119 7
19 68 4
19 46 5
19 50 9
19 126 3
19 89 1
19 95 10
19 124 6
19 25 9
19 109 9
19 61 8
19 88 2
20 89 2
20 65 3
20 52 10
20 34 3
20 78 10
20 101 3
20 36 7
20 62 5
20 112 1
20 135 2
20 128 5
20 144 9
20 75 1
20 54 5
20 122 7
20 50 10
20 137 6
20 60 1
21 130 9
21 96 3
21 113 3
21 71 9
21 48 9
21 36 1
21 99 9
21 131 1
21 122 8
21 105 9
21 98 5
21 134 1
21 137 7
21 81 1
21 55 4
21 110 5
22 146 4
22 141 2
22 128 7
22 48 9
22 86 5
22 29 1
22 55 6
22 147 1
22 73 10
23 69 2
23 44 6
23 139 4
23 77 5
23 131 10
23 141 9
23 34 1
23 149 1
23 98 10
23 35 4
23 147 4
23 53 1
23 45 4
23 144 3
24 96 1
24 107 4
24 80 9
24 36 8
24 29 9
24 131 10
24 120 6
24 119 6
24 133 7
24 110 10
24 102 6
24 88 9
24 61 10
24 105 3
24 115 2
24 141 6
25 42 6
25 113 7
25 150 6
25 63 1
25 104 5
26 57 8
26 89 1
26 101 9
26 96 10
26 144 10
26 52 10
26 28 6
26 145 9
26 117 6
26 31 2
26 92 10
26 147 7
27 126 8
27 29 2
27 67 9
27 62 6
27 50 9
27 60 5
27 37 6
27 31 4
28 90 5
28 40 6
28 58 9
28 71 3
28 91 4
28 78 7
28 50 1
28 84 7
28 74 8
28 85 4
28 97 6
28 82 9
28 87 4
28 150 3
28 142 4
29 81 6
29 76 5
29 47 6
29 140 1
29 110 10
29 147 1
29 61 10
29 123 4
29 45 7
29 136 8
29 109 9
29 121 6
29 59 3
29 89 7
29 60 6
30 37 2
30 95 7
30 96 9
30 146 1
30 64 7
30 61 3
30 110 10
30 84 2
30 54 10
30 41 6
30 103 7
30 128 5
31 150 6
31 62 3
31 59 8
31 99 6
31 34 1
31 76 3
31 106 2
31 148 7
31 85 4
31 120 10
31 73 5
31 89 9
31 70 3
32 150 1
32 102 6
32 140 9
32 48 9
32 131 4
32 139 2
32 80 6
32 83 9
32 43 3
32 120 4
32 130 10
32 113 2
32 96 4
32 47 3
32 98 5
32 134 7
32 54 4
32 116 1
32 77 3
33 131 3
33 95 10
33 77 1
33 60 6
33 41 10
33 62 5
33 72 1
33 125 9
33 85 3
33 92 1
33 55 1
33 61 7
33 70 2
33 114 6
33 100 8
33 147 8
34 104 6
34 86 4
34 135 8
34 146 8
34 147 2
34 62 4
34 53 2
34 61 9
34 37 9
34 98 7
34 113 1
35 94 2
35 140 4
35 70 6
35 74 2
35 76 4
35 51 8
35 66 10
35 52 4
35 122 6
35 120 6
35 49 2
35 50 4
35 80 8
35 81 8
35 143 7
35 145 5
36 119 1
36 59 5
36 92 2
36 86 4
36 127 8
36 145 3
36 116 2
36 78 4
36 97 10
36 113 8
36 124 5
37 133 6
37 145 9
37 47 1
37 40 4
38 64 6
38 141 8
38 143 4
38 132 3
38 137 6
38 59 2
38 39 5
38 51 2
38 79 2
38 46 3
38 42 6
38 111 5
39 89 5
39 148 2
39 111 8
39 48 10
39 83 7
39 54 3
39 52 10
39 42 8
39 141 5
39 144 8
39 71 3
39 70 5
40 62 2
40 113 2
40 93 3
40 41 3
40 61 4
40 150 4
40 71 7
40 120 10
40 63 4
40 137 8
40 66 1
41 97 2
41 91 4
41 92 3
41 100 5
41 145 7
41 138 10
41 55 10
41 95 5
41 86 5
41 129 3
41 46 10
42 81 3
42 111 7
42 58 9
42 83 3
42 77 4
42 57 8
42 60 1
42 101 5
42 135 4
42 116 5
43 117 3
43 138 7
43 75 2
43 106 3
43 108 3
43 145 6
43 93 4
43 130 10
43 137 10
43 96 3
44 51 3
44 62 1
44 64 7
44 125 7
44 112 5
45 137 10
45 56 9
45 76 2
45 64 8
45 142 6
45 147 8
45 139 2
45 103 7
45 126 6
45 68 9
45 77 7
45 50 2
45 129 1
45 133 4
46 74 10
46 120 9
46 85 3
46 102 4
46 90 2
46 149 3
46 47 5
46 57 6
46 48 2
46 83 4
46 106 8
46 93 3
47 59 9
47 132 9
47 115 10
47 54 1
47 148 2
47 131 9
47 75 5
47 105 4
47 107 7
48 120 2
48 79 2
48 49 1
48 68 8
48 118 2
48 77 10
48 126 5
48 143 8
48 88 10
48 97 10
48 73 8
48 148 10
49 138 9
49 110 3
49 133 10
49 126 8
49 111 3
49 92 2
49 114 9
49 124 1
49 143 2
49 63 9
49 76 6
49 56 10
50 87 3
50 143 2
50 150 5
50 108 8
50 122 10
50 62 7
50 139 8
50 89 6
50 102 7
50 59 5
50 111 9
50 147 3
51 72 10
51 103 6
51 68 4
51 150 6
51 80 9
51 126 6
51 96 7
51 110 5
51 57 9
52 63 9
52 67 5
52 123 7
52 134 2
53 118 5
53 85 6
53 90 8
53 75 7
53 92 1
53 123 8
53 70 7
54 103 5
54 91 10
54 92 2
54 119 5
54 79 2
54 73 7
54 68 7
54 63 8
54 100 7
54 135 9
54 122 1
55 73 3
55 59 7
55 119 6
55 113 2
55 93 7
55 87 5
55 69 2
55 85 7
55 81 8
55 136 8
56 90 7
56 70 6
56 95 1
57 79 6
57 82 10
57 128 4
57 72 2
57 63 2
57 65 10
57 106 10
57 115 6
57 112 10
57 84 5
57 141 10
57 101 5
58 102 7
58 68 3
58 123 5
58 67 7
58 150 6
58 59 8
58 64 5
58 60 5
58 129 10
58 103 8
58 92 5
58 135 1
59 138 5
59 110 6
59 150 5
59 83 7
59 77 6
59 106 9
59 92 5
59 76 2
59 117 4
59 144 3
59 75 4
60 138 4
60 84 10
60 115 2
60 144 10
60 145 1
60 86 1
60 63 4
60 118 1
60 87 9
61 128 4
61 64 2
61 146 2
61 89 2
61 138 5
61 72 5
61 133 8
61 149 4
61 82 3
61 98 8
61 79 5
61 80 3
61 67 1
62 69 5
62 73 3
62 99 3
62 83 7
62 118 8
62 65 10
62 72 6
62 115 6
63 114 8
63 97 1
63 96 7
63 78 3
63 79 1
63 118 6
63 65 2
63 116 6
64 109 1
64 134 9
64 99 5
64 101 5
64 88 7
65 70 7
65 93 4
65 91 8
65 109 8
66 125 8
66 118 8
66 143 4
66 69 3
66 73 5
66 107 5
66 139 10
66 100 3
66 70 3
66 131 9
66 87 1
66 84 5
67 93 2
67 140 5
67 87 5
67 128 1
67 89 5
67 97 3
67 103 7
67 145 3
67 88 8
68 77 3
68 106 5
68 75 8
68 142 3
68 113 10
68 130 3
68 85 10
68 146 4
69 150 8
69 135 3
69 121 9
69 80 8
69 86 1
69 110 10
69 103 6
70 129 2
70 107 1
70 130 10
70 127 1
70 142 5
70 94 10
70 111 6
71 131 10
71 124 5
71 141 3
71 137 9
71 112 9
71 136 2
71 94 2
71 146 6
71 118 4
71 120 8
71 89 4
72 91 1
72 127 5
72 85 6
72 114 5
72 92 7
72 87 3
72 106 3
73 87 6
73 101 9
73 88 1
73 95 3
73 139 2
73 107 6
73 134 5
74 116 8
74 141 4
74 108 4
74 143 3
74 132 4
75 88 10
75 111 5
75 147 1
75 80 5
75 131 7
75 129 4
75 106 4
76 150 5
76 126 8
76 108 2
76 133 9
76 135 9
76 113 2
76 117 7
76 139 4
76 146 7
76 87 3
77 147 7
77 99 7
77 131 10
77 106 10
77 113 8
77 145 1
77 90 10
77 95 6
77 137 7
77 114 8
78 100 9
78 114 9
78 120 5
78 140 8
78 138 6
78 150 4
78 133 7
79 83 6
79 125 8
79 110 2
79 121 1
79 84 5
80 110 3
80 136 8
80 91 8
80 130 6
80 117 2
80 116 9
80 90 4
80 114 3
80 123 1
80 111 9
80 102 4
80 93 6
81 139 5
81 110 5
81 111 7
81 97 1
81 115 5
81 130 6
82 96 10
82 99 10
82 127 2
82 118 4
82 145 8
82 137 1
82 84 1
82 91 6
82 141 8
83 136 8
83 88 4
83 108 10
83 120 4
83 116 4
83 131 9
83 142 8
83 98 8
83 140 10
84 140 8
84 106 8
84 118 7
84 120 2
84 104 6
84 124 10
84 93 10
84 117 4
84 138 6
84 128 1
85 88 5
85 115 5
85 97 8
85 106 7
86 121 2
86 105 2
86 99 7
86 127 8
87 109 9
87 92 4
87 125 5
88 115 10
88 150 8
88 120 9
88 145 1
88 118 9
88 141 5
88 100 7
88 93 1
89 90 6
89 96 7
89 105 9
89 111 3
89 126 10
90 121 10
90 135 3
90 112 5
90 99 6
90 126 1
90 149 1
90 150 8
91 109 4
91 138 1
91 94 1
91 119 9
91 131 6
92 99 8
92 93 1
92 145 10
92 147 6
92 94 1
92 108 10
93 126 6
93 134 10
93 136 5
94 143 7
95 135 3
95 109 6
95 99 2
95 141 3
95 112 2
95 101 3
96 150 8
96 118 10
96 108 5
96 103 3
96 117 9
96 112 1
96 130 8
96 99 1
97 102 9
97 101 4
97 125 9
97 150 7
97 126 2
97 114 8
98 146 3
98 123 9
98 121 4
98 145 2
98 137 6
99 127 2
99 129 9
99 136 4
99 123 9
100 119 6
100 106 3
100 133 1
100 138 6
100 136 8
101 120 9
101 116 3
101 135 3
101 113 10
101 108 4
101 130 3
101 103 1
101 106 5
102 127 3
102 107 7
102 145 6
102 132 10
102 113 5
102 122 5
103 129 10
103 112 8
103 111 9
103 137 9
104 123 7
104 114 2
105 122 5
105 136 3
105 123 5
105 147 3
105 107 5
105 114 3
106 108 2
106 121 10
107 127 8
107 116 4
107 150 4
108 135 7
109 137 7
110 135 1
110 139 1
110 146 9
111 143 5
111 137 6
111 119 7
111 123 2
112 139 10
112 140 6
112 130 2
113 114 4
113 150 3
113 120 9
113 133 2
114 116 10
114 139 9
115 123 10
115 143 2
115 141 7
115 146 8
116 129 6
116 124 5
116 148 3
116 149 2
116 134 2
116 145 3
116 144 7
116 142 5
116 122 5
117 121 7
117 124 9
119 131 9
119 122 7
119 135 5
120 132 3
120 139 10
120 143 8
120 148 7
120 137 6
120 122 7
121 137 7
121 136 1
121 135 7
121 143 4
122 125 1
122 136 2
123 150 5
123 136 2
123 144 2
123 126 8
124 133 6
124 142 9
125 145 7
125 147 9
125 146 5
125 130 7
125 126 10
125 132 4
126 137 1
126 146 4
127 139 1
127 140 10
127 144 4
127 149 1
127 147 1
128 141 10
129 132 9
129 146 10
130 147 3
130 138 10
131 139 9
131 148 2
132 141 1
132 136 8
132 139 5
133 137 2
134 145 8
135 136 3
135 148 6
136 138 9
136 149 2
136 148 7
137 138 2
137 143 5
138 142 1
138 150 6
139 141 4
140 150 10
140 149 6
140 146 7
142 143 9
148 150 4
