150 1118 
1 150 10
1 5 5
1 7 -8
1 88 5
1 142 4
1 116 -10
1 144 -6
1 114 9
1 81 -9
1 43 -2
2 99 1
2 84 5
2 77 -2
2 126 10
2 34 -1
2 144 -3
2 101 5
2 118 8
2 76 2
2 37 -2
2 85 6
2 143 1
2 32 1
2 114 -10
2 46 -6
2 75 10
3 115 2
3 117 -2
3 113 -6
3 129 6
3 109 -2
3 11 10
3 149 10
3 150 -3
3 118 -10
3 144 -7
3 88 -8
3 10 -4
3 98 3
3 20 4
4 129 -9
4 33 -8
4 143 -3
4 62 -1
4 47 7
4 124 -6
4 63 9
4 34 -6
4 150 3
4 45 -8
4 59 2
4 54 1
4 137 -6
5 67 -8
5 77 6
5 101 1
5 99 -6
5 34 7
5 127 -8
5 109 -7
5 59 9
5 144 -10
5 120 9
5 81 7
5 105 -7
5 113 -5
5 78 -7
5 30 -4
5 14 8
5 124 5
5 93 7
5 116 -9
5 9 -4
6 72 10
6 103 -5
6 19 9
6 93 6
6 35 10
6 37 -1
6 104 -1
6 27 1
6 102 -2
6 91 3
6 14 1
6 80 -6
6 101 -4
7 137 -8
7 78 -3
7 46 -5
7 123 -2
7 69 2
7 14 -8
7 108 -6
7 20 7
7 124 3
7 42 4
7 53 2
7 131 5
7 50 -7
7 26 10
8 37 6
8 46 4
8 42 2
8 41 6
8 95 1
8 84 -4
8 58 8
8 69 6
8 51 4
8 36 10
8 49 4
8 79 -3
8 99 0
8 31 1
8 98 3
9 98 1
9 129 2
9 26 -1
9 46 4
9 12 5
9 33 10
9 128 7
9 55 -8
9 19 4
9 116 7
9 150 9
9 108 -1
10 93 10
10 53 0
10 108 -2
10 67 5
10 29 5
10 118 -8
10 36 9
10 125 10
10 25 10
10 123 -3
10 49 4
10 42 3
11 58 -2
11 64 1
11 65 2
11 31 -7
11 80 1
11 41 -4
11 119 -1
11 112 -6
11 15 -6
11 56 9
11 108 9
11 46 3
11 47 -1
11 76 2
11 134 8
11 37 -6
11 57 -7
12 103 8
12 14 3
12 137 2
12 109 2
12 107 -9
12 81 -9
12 99 -10
12 59 7
13 33 -5
13 135 -1
13 97 0
13 93 5
13 98 -8
13 36 -4
13 88 8
13 57 9
13 23 3
13 140 8
13 127 6
13 115 -6
14 143 -10
14 42 1
14 63 10
14 33 -3
14 120 4
14 69 3
14 117 0
14 106 5
14 23 5
14 53 -4
14 131 0
14 43 -9
14 51 7
15 124 -3
15 28 8
15 50 6
15 90 -1
15 133 -3
15 150 6
15 65 4
15 97 9
15 93 9
15 67 -9
15 48 8
15 58 9
15 33 4
15 64 5
15 122 2
15 108 -5
15 96 9
15 134 0
15 39 6
15 109 6
16 59 1
16 106 -3
16 115 -9
16 57 -6
16 74 5
16 19 -6
16 128 4
16 97 -3
16 21 -4
16 144 5
16 76 -10
16 60 -3
16 127 -6
16 38 -10
17 117 5
17 107 8
17 99 8
17 85 0
17 95 -7
17 102 -1
17 52 -1
17 19 -1
17 92 -2
17 66 3
17 81 -5
18 81 -2
18 137 -6
18 130 0
18 105 -4
18 67 8
18 27 -2
18 86 5
18 96 0
18 76 4
18 140 -5
18 56 -6
18 119 -2
19 68 7
19 46 -2
19 50 1
19 126 -8
19 89 1
19 95 0
19 124 -1
19 25 -3
19 109 6
19 61 3
19 88 9
20 89 7
20 65 -9
20 52 0
20 34 -5
20 78 -4
20 101 8
20 36 -3
20 62 2
20 112 -8
20 135 0
20 128 2
20 144 -5
20 75 0
20 54 -9
20 122 -9
20 50 9
20 137 4
20 60 -9
21 130 -6
21 96 1
21 113 8
21 71 6
21 48 6
21 36 8
21 99 -9
21 131 -10
21 122 -6
21 105 -8
21 98 -2
21 134 3
21 137 4
21 81 9
21 55 0
21 110 -7
22 146 4
22 141 -3
22 128 0
22 48 4
22 86 -2
22 29 6
22 55 0
22 147 -9
22 73 -5
23 69 6
23 44 -7
23 139 -9
23 77 -8
23 131 -8
23 141 1
23 34 -7
23 149 -5
23 98 -1
23 35 -7
23 147 8
23 53 -9
23 45 -3
23 144 9
24 96 -7
24 107 7
24 80 10
24 36 0
24 29 5
24 131 -1
24 120 5
24 119 -4
24 133 -6
24 110 10
24 102 3
24 88 4
24 61 -1
24 105 1
24 115 -8
24 141 -1
25 42 4
25 113 -8
25 150 7
25 63 6
25 104 1
26 57 -2
26 89 2
26 101 -9
26 96 0
26 144 3
26 52 -10
26 28 1
26 145 -2
26 117 3
26 31 2
26 92 -4
26 147 -9
27 126 6
27 29 1
27 67 1
27 62 8
27 50 1
27 60 -3
27 37 3
27 31 1
28 90 1
28 40 -7
28 58 -10
28 71 -3
28 91 0
28 78 2
28 50 -9
28 84 7
28 74 2
28 85 0
28 97 -8
28 82 -4
28 87 -2
28 150 9
28 142 10
29 81 5
29 76 2
29 47 10
29 140 -7
29 110 1
29 147 -3
29 61 -5
29 123 1
29 45 5
29 136 -5
29 109 -8
29 121 -9
29 59 6
29 89 3
29 60 -2
30 37 -8
30 95 -2
30 96 -3
30 146 -9
30 64 -1
30 61 -2
30 110 -1
30 84 6
30 54 6
30 41 10
30 103 -4
30 128 10
31 150 2
31 62 7
31 59 5
31 99 7
31 34 10
31 76 -6
31 106 -8
31 148 6
31 85 8
31 120 6
31 73 -2
31 89 -7
31 70 4
32 150 5
32 102 2
32 140 7
32 48 -8
32 131 -8
32 139 -7
32 80 -2
32 83 7
32 43 6
32 120 5
32 130 4
32 113 9
32 96 7
32 47 10
32 98 0
32 134 -8
32 54 4
32 116 -1
32 77 6
33 131 -10
33 95 6
33 77 10
33 60 2
33 41 10
33 62 7
33 72 2
33 125 -4
33 85 -3
33 92 -2
33 55 10
33 61 -6
33 70 -4
33 114 4
33 100 4
33 147 -8
34 104 -4
34 86 4
34 135 0
34 146 -3
34 147 1
34 62 3
34 53 5
34 61 10
34 37 -1
34 98 1
34 113 -8
35 94 5
35 140 9
35 70 3
35 74 0
35 76 4
35 51 5
35 66 -5
35 52 1
35 122 9
35 120 -8
35 49 6
35 50 -2
35 80 -1
35 81 -8
35 143 6
35 145 -4
36 119 1
36 59 -1
36 92 6
36 86 -5
36 127 3
36 145 0
36 116 -6
36 78 7
36 97 -5
36 113 -2
36 124 2
37 133 -4
37 145 -4
37 47 -7
37 40 -5
38 64 3
38 141 6
38 143 5
38 132 9
38 137 -1
38 59 4
38 39 -8
38 51 -3
38 79 -3
38 46 -2
38 42 -3
38 111 -7
39 89 3
39 148 -7
39 111 8
39 48 -2
39 83 -6
39 54 6
39 52 1
39 42 0
39 141 5
39 144 5
39 71 7
39 70 3
40 62 -8
40 113 -9
40 93 6
40 41 -5
40 61 7
40 150 -8
40 71 -8
40 120 3
40 63 10
40 137 -10
40 66 -3
41 97 3
41 91 0
41 92 -5
41 100 9
41 145 -6
41 138 -5
41 55 6
41 95 -8
41 86 -5
41 129 -3
41 46 7
42 81 7
42 111 0
42 58 5
42 83 8
42 77 8
42 57 -3
42 60 8
42 101 3
42 135 -7
42 116 9
43 117 10
43 138 -6
43 75 -1
43 106 6
43 108 -9
43 145 8
43 93 3
43 130 -4
43 137 7
43 96 -4
44 51 0
44 62 -8
44 64 6
44 125 -6
44 112 1
45 137 -3
45 56 -3
45 76 0
45 64 8
45 142 -1
45 147 4
45 139 -4
45 103 -5
45 126 -7
45 68 5
45 77 -2
45 50 1
45 129 4
45 133 -6
46 74 0
46 120 5
46 85 -9
46 102 2
46 90 -7
46 149 4
46 47 1
46 57 -2
46 48 4
46 83 10
46 106 8
46 93 1
47 59 -9
47 132 5
47 115 -4
47 54 -9
47 148 1
47 131 -2
47 75 -9
47 105 -3
47 107 -2
48 120 5
48 79 -5
48 49 9
48 68 3
48 118 9
48 77 -10
48 126 -1
48 143 -4
48 88 10
48 97 10
48 73 8
48 148 6
49 138 1
49 110 -2
49 133 7
49 126 -6
49 111 -3
49 92 4
49 114 -7
49 124 8
49 143 -4
49 63 -8
49 76 9
49 56 -5
50 87 9
50 143 9
50 150 -4
50 108 -6
50 122 -1
50 62 8
50 139 8
50 89 -5
50 102 -8
50 59 2
50 111 -8
50 147 10
51 72 8
51 103 1
51 68 0
51 150 -4
51 80 6
51 126 -8
51 96 -7
51 110 4
51 57 -9
52 63 -3
52 67 4
52 123 5
52 134 3
53 118 8
53 85 -8
53 90 -7
53 75 5
53 92 10
53 123 3
53 70 -4
54 103 2
54 91 3
54 92 -2
54 119 8
54 79 -4
54 73 -7
54 68 6
54 63 -2
54 100 6
54 135 -2
54 122 -3
55 73 -6
55 59 -7
55 119 10
55 113 -4
55 93 6
55 87 10
55 69 6
55 85 3
55 81 1
55 136 4
56 90 1
56 70 8
56 95 -9
57 79 -6
57 82 -9
57 128 -5
57 72 7
57 63 7
57 65 0
57 106 10
57 115 -3
57 112 -5
57 84 9
57 141 -1
57 101 -1
58 102 -5
58 68 10
58 123 -10
58 67 2
58 150 7
58 59 -2
58 64 -5
58 60 6
58 129 1
58 103 0
58 92 -2
58 135 10
59 138 7
59 110 -5
59 150 10
59 83 5
59 77 -9
59 106 -2
59 92 -2
59 76 6
59 117 -1
59 144 -4
59 75 1
60 138 1
60 84 -4
60 115 1
60 144 -2
60 145 -4
60 86 -4
60 63 3
60 118 0
60 87 7
61 128 4
61 64 -3
61 146 -5
61 89 5
61 138 5
61 72 2
61 133 -10
61 149 -8
61 82 -5
61 98 -5
61 79 -9
61 80 -7
61 67 -1
62 69 9
62 73 6
62 99 -4
62 83 10
62 118 1
62 65 6
62 72 8
62 115 8
63 114 5
63 97 7
63 96 -1
63 78 -4
63 79 10
63 118 1
63 65 -3
63 116 -7
64 109 -7
64 134 3
64 99 2
64 101 -4
64 88 5
65 70 -10
65 93 -9
65 91 5
65 109 -1
66 125 -7
66 118 3
66 143 1
66 69 -1
66 73 4
66 107 -2
66 139 -9
66 100 5
66 70 5
66 131 9
66 87 4
66 84 -9
67 93 -9
67 140 0
67 87 10
67 128 -8
67 89 -3
67 97 3
67 103 4
67 145 9
67 88 -8
68 77 -6
68 106 9
68 75 -6
68 142 -6
68 113 -4
68 130 6
68 85 6
68 146 7
69 150 -4
69 135 2
69 121 5
69 80 9
69 86 4
69 110 -7
69 103 -3
70 129 9
70 107 5
70 130 4
70 127 -2
70 142 0
70 94 -7
70 111 4
71 131 -3
71 124 3
71 141 1
71 137 6
71 112 9
71 136 9
71 94 -9
71 146 0
71 118 -2
71 120 -1
71 89 -7
72 91 -1
72 127 -9
72 85 -2
72 114 -2
72 92 0
72 87 1
72 106 -9
73 87 -7
73 101 -9
73 88 -1
73 95 10
73 139 -5
73 107 -4
73 134 -4
74 116 5
74 141 5
74 108 -5
74 143 -7
74 132 4
75 88 -9
75 111 -9
75 147 0
75 80 3
75 131 -5
75 129 3
75 106 9
76 150 9
76 126 -4
76 108 2
76 133 2
76 135 -9
76 113 -5
76 117 8
76 139 5
76 146 -7
76 87 -1
77 147 3
77 99 -7
77 131 -9
77 106 -3
77 113 8
77 145 -4
77 90 10
77 95 5
77 137 10
77 114 3
78 100 2
78 114 4
78 120 2
78 140 -2
78 138 -2
78 150 2
78 133 -4
79 83 -5
79 125 -3
79 110 -3
79 121 10
79 84 -6
80 110 3
80 136 5
80 91 7
80 130 6
80 117 4
80 116 -1
80 90 1
80 114 -4
80 123 -6
80 111 -9
80 102 -2
80 93 -8
81 139 -9
81 110 -4
81 111 -8
81 97 2
81 115 8
81 130 -3
82 96 9
82 99 6
82 127 7
82 118 -8
82 145 -4
82 137 0
82 84 4
82 91 6
82 141 10
83 136 10
83 88 1
83 108 7
83 120 -1
83 116 5
83 131 -6
83 142 -2
83 98 1
83 140 3
84 140 6
84 106 -9
84 118 -9
84 120 -6
84 104 -6
84 124 5
84 93 4
84 117 10
84 138 -1
84 128 1
85 88 5
85 115 -1
85 97 3
85 106 7
86 121 3
86 105 -8
86 99 7
86 127 -9
87 109 -2
87 92 -1
87 125 -5
88 115 -5
88 150 5
88 120 1
88 145 4
88 118 9
88 141 -5
88 100 8
88 93 1
89 90 -3
89 96 -9
89 105 -7
89 111 5
89 126 4
90 121 10
90 135 7
90 112 -1
90 99 6
90 126 8
90 149 4
90 150 6
91 109 -7
91 138 9
91 94 -4
91 119 8
91 131 -8
92 99 4
92 93 7
92 145 -9
92 147 1
92 94 10
92 108 5
93 126 -8
93 134 4
93 136 3
94 143 9
95 135 2
95 109 1
95 99 3
95 141 -9
95 112 9
95 101 -5
96 150 -10
96 118 -5
96 108 -1
96 103 -5
96 117 4
96 112 -2
96 130 9
96 99 10
97 102 -2
97 101 5
97 125 8
97 150 -10
97 126 8
97 114 2
98 146 -4
98 123 8
98 121 -8
98 145 8
98 137 0
99 127 1
99 129 4
99 136 -7
99 123 7
100 119 1
100 106 -7
100 133 -8
100 138 5
100 136 -4
101 120 7
101 116 4
101 135 1
101 113 -8
101 108 -7
101 130 -10
101 103 8
101 106 -9
102 127 -1
102 107 5
102 145 -10
102 132 10
102 113 8
102 122 -3
103 129 -1
103 112 0
103 111 -8
103 137 9
104 123 2
104 114 -3
105 122 -8
105 136 3
105 123 10
105 147 4
105 107 -10
105 114 6
106 108 -3
106 121 8
107 127 1
107 116 8
107 150 -4
108 135 8
109 137 10
110 135 -5
110 139 -8
110 146 5
111 143 -9
111 137 5
111 119 -8
111 123 2
112 139 5
112 140 -4
112 130 -6
113 114 -4
113 150 7
113 120 -9
113 133 2
114 116 10
114 139 -9
115 123 -7
115 143 9
115 141 1
115 146 -8
116 129 8
116 124 2
116 148 -9
116 149 2
116 134 6
116 145 -2
116 144 5
116 142 8
116 122 8
117 121 -10
117 124 -7
119 131 -10
119 122 9
119 135 -2
120 132 7
120 139 0
120 143 -2
120 148 -1
120 137 -8
120 122 5
121 137 -5
121 136 -10
121 135 3
121 143 -10
122 125 8
122 136 7
123 150 8
123 136 -8
123 144 6
123 126 5
124 133 1
124 142 -7
125 145 -10
125 147 -9
125 146 -4
125 130 7
125 126 -8
125 132 4
126 137 -7
126 146 10
127 139 -7
127 140 -7
127 144 -10
127 149 -4
127 147 -3
128 141 -1
129 132 0
129 146 3
130 147 -6
130 138 10
131 139 -5
131 148 4
132 141 2
132 136 -10
132 139 -1
133 137 6
134 145 3
135 136 3
135 148 9
136 138 4
136 149 -6
136 148 -2
137 138 2
137 143 -3
138 142 -10
138 150 -1
139 141 10
140 150 -6
140 149 1
140 146 1
142 143 0
148 150 -5
